58.4645126595904
-85.2597209144919
61.3389805038089
-29.7804445986263
-77.4847710679151
-67.9907963224545
9.00956888110981
66.5166349649147
-13.3077306677645
-64.165063658958
67.4033515969859
-35.8572823571585
-38.2667503673213
-30.8882317354359
41.8568681750381
-86.0497012060034
88.6783551100326
-9.5500710956162
-74.0008297840129
82.3667174999866
-64.8698034527953
-71.6965305629829
69.3956996699566
68.1425196478561
39.5515684943476
98.5884683242176
79.0090541919402
-54.8999697590178
52.8254869462669
-21.2219509906747
14.9177028121261
94.4168700288868
28.4035034751588
4.90339524144822
-43.2546421737205
-54.5619439281989
34.2259125442762
99.8196100277566
-59.7657276557279
25.9890943879055
-21.0976779806492
-43.7896824308048
82.5725970152003
-60.0662547482222
91.0154630421017
74.2215436665188
-0.0234489601009358
-86.2983253705465
-10.6112856919797
-73.0874537613294
94.5108654759034
-64.3264660159395
42.0712279285002
15.7408943226719
-28.8913374165801
-36.7284501722705
-1.50533517113733
17.6214608724477
-29.7986218292696
-86.1496034856624
5.44831990056265
99.5809656728449
-27.8049441230506
92.8112607569557
7.52954105508074
31.1693178935585
36.3780203398303
-62.5399792651443
-80.1395662448295
-88.8443467125144
-27.4377922195535
-8.99699917849573
-81.5778332462074
70.3970583788936
-12.5254954959126
-17.8563906810241
28.2827352221892
-94.8860382580502
-36.4911679353854
-43.1401438544415
-46.4765237547404
0.693619979445771
52.8320012332275
-77.1237687849217
-38.5464585205167
-80.3407368950139
-67.78768566992
34.6652079791486
49.5962034892322
28.6046395772568
37.8749430136022
68.5978024262818
40.2641258742489
45.1553434208427
93.3590870843335
-94.9006570874372
-17.9938973455206
96.0714186318136
91.5637796090672
6.84193115605657
-75.751630647862
-18.1131915503809
81.6010365840631
-52.6299832657551
86.8318364089158
70.8248787148299
-67.9912565627222
39.2972164873213
36.1224136948184
40.8294028580772
68.4259206357841
-60.9461720511203
-95.3662031543821
-10.2225240699502
89.6005252512637
20.7442215548582
51.9963090087184
22.0209138870179
-15.7090396735243
-93.7728105195944
74.6547998274427
-53.5689793072681
17.1111570113773
1.06984204014159
-49.7420855378598
67.325704856645
-32.3070647072995
-14.1160205538945
78.570469409998
-77.6573044031225
-36.1618819714429
-16.9584499675164
-72.9032618238524
54.6348315539378
31.7448475496848
-26.1197502593882
-5.22122777984356
73.4032050028715
-85.3338721475129
-49.3076974756463
-64.5951054269435
-60.6616345083359
22.0161793788281
-14.0451478525379
96.2848375798758
63.7162105016152
53.8985679410561
56.9359965534853
-68.250221765007
-13.1173567450761
-74.4003701600355
-61.4639998627345
23.564976473179
41.6186305928653
-24.149027599662
25.0744082287899
-18.8575518906322
-33.5321185823128
-37.1254872110954
-23.0853190883362
-52.6979275661895
32.0469880200277
60.8975750007848
84.8116282584739
37.740453020587
80.4076054464732
8.6926984083922
95.4772544595415
-52.9788775148521
55.712015680989
-87.2429466103418
0.98451333271943
47.5564535194934
21.6683515245015
-17.9314539780285
98.5085866949567
-67.9429642204301
52.5388888051455
37.5177097506377
3.37040750966382
-44.6426177926561
-33.2903385643605
-32.2420599601077
-31.1858700604218
-40.0289691443949
-61.0304572966898
-91.2363070011118
-7.11330229143337
56.0631358941237
89.4416985771555
15.4383774640393
-46.905884141615
79.4260635525195
-4.01036087392939
17.3610835597993
-72.1324902011773
77.2399368996925
-80.4968600200909
-54.5232459535764
44.3735636796585
15.5348984478466
-8.54143871161355
-46.8530808639169
-59.7124143332916
-84.9564028000102
95.1996046698513
16.1196266339995
59.0360655804932
4.17314470179922
64.3140492426143
23.2222823784013
-46.7221592900948
1.36967390020524
-16.4243315539816
19.7523903804464
-46.2053440129187
-32.3051759295192
97.7603862676617
-15.9197204781157
-75.770802861982
-64.0582626469744
-55.0744859217762
28.7326346111823
10.8798005507673
55.9638114543218
-82.0385227172038
-82.9141081151687
-3.52188210829654
-87.0454591538145
-6.29458177716755
-60.8867069219928
-99.033857079768
93.0447351650046
-29.8273454476178
0.206082071247508
-93.5292088669719
88.8920603841762
-0.18433399908929
19.4070859644286
30.2422481945541
33.7032326182064
-47.5348161947039
92.2641178812221
53.634383233089
20.1598854310375
-77.491199029522
6.74717095041638
24.081119210293
4.32988953646409
29.3120690961716
-94.5472797936906
-82.9684798527591
96.4678924938533
-47.2631048625221
-2.68865704175867
4.03549117451598
26.5828843733901
91.5026970830056
80.491706579857
-71.7240384157362
-52.6113611920092
45.5366427998021
40.8047168562836
-31.6074715371192
-2.58736823188822
60.3468598725578
82.9114721866086
22.4865887231017
-31.9115883461823
-55.5283165146437
-82.2382113503921
-14.2115135533268
-54.5402589200685
-63.1074123050929
-60.4982875427169
53.2806211106645
45.781742435363
70.3023074937249
-3.24090962847644
34.6362982502154
-89.4816873097017
87.51986039645
39.0863956866045
49.7050651610845
-57.1150922146215
-19.5504417420793
94.1155131633091
-16.196578526268
58.5412274453543
53.1919978002456
-60.3593689477508
63.3262853516908
-25.3837721769154
-31.603658489696
57.6160331725148
-46.3568581809802
-81.1161807633906
-9.99064389949763
55.6962139413915
-54.2411281455552
58.9738042696965
-7.65599663312379
14.0113128227522
45.3964630145259
16.8351373748282
92.6889948194868
42.6178186109452
-64.8775411443645
-13.9261380237421
91.937199135994
-89.8099788060324
35.404926980931
-23.1291919734221
46.9979636403785
-55.7285376012533
96.1131303399151
-71.5858487045801
63.4133899900216
-30.9414445888457
36.4277445169216
-97.4189667622342
41.0501141132787
4.84562797497397
98.8146324593057
-81.3461188644845
7.64537120021697
-97.3702368771701
31.9739575674536
55.0929111401532
36.9647676793319
1.3817555623848
-91.0954352438445
-71.5701600009936
79.3036472053622
93.2295866117584
65.86278384763
-15.0641774036202
11.1109384689887
-94.1353577049026
-7.40327392405509
-76.6050778465143
77.0015049598115
9.17178888366567
20.102435586717
16.1173834934181
0.0803454258864633
69.7069262716208
79.5209869450287
-7.27857793772559
-87.6217022135713
-52.6802036804347
-38.2485025144106
-56.3386934759023
64.1471468094101
-87.2997974108187
-4.77039694467253
59.3409474043207
19.6520511836294
30.8245609932231
-9.16021680860929
44.3310908751513
-48.8220237879864
30.4040329639289
-88.540855323478
-4.59961802341553
21.1863541286833
84.489144177961
-50.0308179340424
72.6171918745492
1.72046012324112
17.9071739254202
29.0899239902718
32.4839713462253
60.4267842674698
25.7720572901428
2.06993713322925
-47.7022687385825
51.069908668138
-71.5148229620242
-99.3873564860675
-51.9129249377725
31.6905300431461
76.930933315827
-78.2001508923035
65.2565389247881
-98.2974437036687
64.4721999113876
-87.7649914234687
7.54682852289193
-94.1890308198441
-62.2748248075779
62.8341671425127
-18.842304987813
-27.8763018775829
-32.3559188067379
-52.002714994563
58.0697674281895
-52.5284959607779
69.8070946894139
-57.178448333229
-88.3319109426415
-83.2347798588604
77.45890083208
-2.5383046134523
0.55430128332732
-83.8523233104989
-28.6971855303394
-92.5308980258276
-96.5319918324683
25.2172031062478
27.2116275884851
-62.0618400080577
-94.7594715119882
-36.5153005465929
7.54347131536797
28.4608079478163
47.8109439062997
81.9831195662723
16.9650822901801
32.9550749451491
59.3984633342021
-18.6123585590595
87.7053048534548
-51.6262829941548
27.3964119131636
26.2494207098433
-21.1178623009114
79.7733930725499
77.8054155941093
-17.7965323495887
-7.51688804471409
41.4297580177156
94.29298858903
86.5672270786329
-0.56945736642966
-54.5739453322801
-56.6563028124564
91.2837139921058
-63.9759752925007
29.497085143654
-28.1920095015423
60.1855070659485
91.6097617743619
86.7378575603839
88.7808523486977
-69.4678229233293
48.9688951355361
33.8363761942207
83.2935613797094
-16.7179857981635
90.310084407568
33.9421920717137
32.5754157663357
-38.3308167992311
15.7019429182641
-92.1520240374588
-9.86802377202319
96.7912315636488
-62.3091864553065
87.5324301308197
47.5986788715028
2.21300195133037
64.7221343261763
70.859496415047
18.5802018643186
-31.5319388446943
-17.0339355538151
20.0470462734363
-27.2052596255056
-43.9697745829658
-30.4314434497743
-0.959796766633474
58.3608557847974
70.2262624356372
-56.8233901071268
32.3665830765719
-13.5558183610579
-11.0241036333916
50.4949782921104
-79.9719317710642
-93.3618368468533
-19.4264070641939
-49.5973922874258
96.2068015110797
86.3686617095601
60.6896106839427
-36.3167386396159
2.05953372763861
-29.7851293071379
74.1248562095032
-99.9254992519421
-0.372074080197308
86.2999446739084
-96.0975171180268
41.0447899391106
36.8825098243869
-12.5350151507183
-2.50180682049653
89.3569029707055
64.5985325088116
-34.081374913202
-13.7356448632317
-9.46221629928689
-86.1984195405202
-2.69558002609888
-46.0539561419754
92.791806126331
-40.0964145064323
-84.5021990442647
-97.308713052434
31.3038342529122
-82.7717484573508
25.2140434908124
-63.9532706364007
3.89551990180837
18.4489902583688
59.2201511119855
-24.3673965411507
-79.3745153412094
85.5271537053948
-90.8289466352215
-3.35913482482275
-3.67642426272819
73.6905500791576
-27.6640776645497
-19.9638304048461
38.4066342282572
-54.3779799214144
-31.6000042792876
-73.3597482647089
-95.5120429706088
-72.4489311066604
72.1984829289281
47.411085688468
28.0551949935133
67.7423375242001
-13.8065381869902
-32.67108669111
72.8790140505887
51.0783988205391
-79.6725944172232
38.9221067831671
-11.6344917815663
-13.9235504792538
-59.6387745169553
69.5403838694763
-48.7040113288644
-5.94738251458192
7.69754417761001
6.58340159505096
94.1262324520891
-19.5260178917144
55.508587681402
65.3879995324731
-70.9842262102537
-81.0995242203911
-81.3883919509904
22.4067689478412
-78.5733197347452
49.2708710052362
-89.1503910426887
62.6991197005267
-28.3870015219909
39.4992785870731
35.2452899546764
-66.121238540159
36.2409182116069
-97.9135686046324
15.7145787087906
-36.1822839446242
75.7914568601113
23.7008200081795
-34.867774699277
15.0693844133504
24.5940333347942
-91.9897337551915
99.9697991514782
-73.8656333618456
-10.7642815201459
-74.4226842204049
47.3435136767404
-57.726973142773
73.9471024738223
8.74765648741862
43.5294399691341
-12.2643250937299
-83.1830504749823
-95.2319128747323
17.2383512638727
56.7214845970676
-16.0193068996385
12.7648872596724
-35.8185094064244
84.9986439469569
44.580142110166
-83.1810724000246
-62.5566164109966
4.67070623623781
-36.2243065750951
91.2357401782179
-36.232044077251
85.1123189108171
-41.9811342634123
80.9871573731386
-57.6664643459464
-3.07102686394119
-31.1134969561699
-26.0152156095319
62.6785796178552
-6.1766069003932
43.9533992764495
-63.0462872213856
39.6709854205931
68.3503860192195
-7.78719764902198
-88.9530682430538
-49.9229558498845
80.6752101595996
16.7610100301099
82.5893200901176
-6.08943179592882
82.5448016515267
91.6772203131264
16.3992393684497
-99.5171146093339
-0.534588066703805
27.1968639775022
38.5934303127501
14.2056122101414
7.13334199150837
95.122642424748
34.5458101465755
22.8431998262019
-40.6182930318767
-32.232366701272
84.9633017617777
35.9190837887633
86.7812891651814
-26.69154533564
29.9972736979541
1.56272137636138
-12.3659663680304
85.1054909222817
-44.46693929263
79.5073494264541
67.0706163681612
-9.28217829491531
88.7283693298682
53.9569749648362
30.3878014949978
-46.9779481416758
54.2942065777399
-37.4116635899907
66.8262296443103
-77.9786555235274
0.179286307009335
-20.6777509778019
66.9097810101124
88.3620824209138
19.1621921766
-36.5217764108524
41.5480098997969
-33.9962474671469
-55.7302888624259
83.6633856147803
49.0221814738277
-58.9090635568412
1.85366896301507
42.9177401162027
75.748926346851
-23.8899850553457
77.6972049485523
5.33918324222586
-35.6637509184388
19.6518468919147
-24.4213573442966
6.14666018902219
-79.3386653405819
-40.1482464961726
9.52144590986266
4.22075240082556
72.181016531683
79.5947828323759
-48.5925694190473
5.42659154248157
85.0798998601841
-88.1571678231086
25.6510986908254
-93.2358026449973
10.8237754773061
-56.9199170157737
9.71153794065526
-24.9994874778233
64.8759424904999
5.7950552213748
87.0431124756539
-95.9086296106505
-24.7126760643711
-21.0439079070389
-75.3669686009373
19.1783471976691
26.9818216271542
91.6718934945307
-57.2263697827562
-17.0209026487035
-9.59553409222696
-91.9188571636551
50.9492518691177
-56.8962874965959
86.7534260640012
42.7146986148685
-82.2118906568825
-88.4482212990711
97.0704955666251
76.8693845861107
-79.8340697299893
76.6285434692517
-64.3409729357916
-69.5653872898729
-10.1245116008867
35.2598956492264
-88.0720049146644
-71.8426835333546
-86.8658416544213
0.69035991117488
28.4687033051455
88.6345650165178
-11.6292405927331
9.46207179135014
-39.9460269771721
0.681993090538498
39.0393026985795
-41.783369503476
-94.9836891508062
29.118561309251
93.8946837247837
-96.2526396542901
80.8977190811695
40.5945383504849
-15.8456542913994
46.3656256788713
-3.25564287612814
46.6593487134527
-38.5381181017346
-65.3460095767395
72.4894522136734
-37.4098083375275
-39.3980085849972
70.026799222745
-35.161423994751
25.6791967254231
33.4727062451909
-69.5394208740271
-47.220990928986
-35.7419858214147
50.5425245345567
59.2955868227033
47.6889634874815
-23.1700774261849
-91.8969079989007
61.2210905715087
46.5111504869478
54.3093514730053
78.5290180641501
85.39861474461
63.1887228702084
-84.3219711915487
67.6678677675185
-4.9743561302418
-91.1413506736992
20.2788868549196
55.8422889868272
-89.6654747499841
83.2386860491436
-47.5786782009039
4.11617162154138
-93.0093484971859
-91.509774327285
-47.7115402402098
69.8280056155795
89.2228798785752
19.4486767156933
-67.5867589580917
-79.921961811446
-53.643071170886
-20.6095180260179
-5.07891223559457
15.7657364413225
-52.7544248266395
-26.3170592245825
94.5549475185368
-74.2828377700318
-13.6893652456518
-21.3245467069085
-32.9447802217715
36.0139905050577
-75.2624714465648
-31.8376313601513
-40.3286392217547
70.9410400375734
18.4964373981452
80.3718956126086
-5.21518749173234
-52.6631896164833
-31.77628638648
84.1502270535582
68.3481040297926
55.1428097173395
-42.3622732043058
-82.1066312771837
