-10.0115034571665
87.7914478197514
67.7137286469688
66.5187464024381
75.8425667335811
-39.7002479030512
69.3807633163378
4.98833070741196
-30.2442859585612
37.4357670922311
-7.95879956528928
-30.2733938984314
-69.191150526793
-23.4524763701814
-71.3269210184827
-74.8772950838383
-71.4754748721538
-16.9013295583062
-55.5499452139678
21.3993477586928
-81.4826709260098
2.6791363433816
-58.9604524635973
14.0044639463006
-23.8410317002939
-40.5267471255802
90.7392258501701
79.7922721826649
83.9539343870896
52.5916813856764
-17.4778592231415
36.433143356614
65.5362254970184
56.8921601523748
-5.72212019853406
54.1079118735857
53.0294079523129
-51.9339906782324
-63.7573795198373
10.9055495087491
-69.508779848712
1.64407359803734
-91.5357399365283
-39.2397694894877
-67.7658834751074
83.3712752779606
90.2678051420978
69.0688491470904
52.3788135192354
73.8648839012287
-10.7117103324253
91.0488094463735
15.2867137762395
32.7580348994573
-80.2253530403304
9.47452496161397
-21.4707531074345
-18.4212440946252
-62.2405550644835
60.7598276778137
-53.8662556054641
65.5767526798384
13.2869448544821
67.3425918098892
28.2427011682948
42.499637073703
-18.2023354099025
16.7550929071726
66.0790175183388
-20.559571295283
74.1874894939283
34.6892117598751
53.2492466603018
24.210165903785
-83.9455790313273
12.0860080898103
20.3164602612113
-34.3621111006042
62.6917319725351
97.4791157043012
65.4292712138273
-69.683105699061
-89.4262626055319
-71.5964383258939
-4.9306871428132
67.5320721753197
-58.2997627284098
45.3067914954388
44.9476936904948
35.5784686131756
97.1851491578546
-0.349015197289361
-78.6046759324047
28.6365896559341
-31.1080923009303
-3.25023025096382
80.8168554181056
15.6885467508259
22.257185370164
-54.4643953393993
-81.088708368751
74.6225334435146
71.2770842877229
98.7606758152906
22.3094811789757
-52.1794940117077
-9.97734240866008
-17.0449481967081
78.3974675296538
33.3152801217231
-0.608337189463853
82.2517214601336
-15.1862217456807
-1.55197961718781
-67.3377605689408
70.1585539509822
19.4281316238204
-4.26053216790547
5.41084189120464
-46.069785372659
36.6214744129485
-1.95959022473096
-50.2010832569229
78.3356947609895
18.9968311891154
66.6017174976368
-89.7774843649078
95.5159340691008
-75.474189813101
-28.4464048450199
-51.8430350904294
5.0613919836461
89.8266259968783
81.2756421238907
42.4088667184256
-57.1009202860113
-83.1935474036558
-21.7033689642559
-53.9774582695075
-41.1679790267563
37.1254261439609
-86.1361027122909
-7.51208896170552
67.552909941197
-41.9344665735928
47.563868244906
-18.6691871076264
-6.9523369537354
27.3958841143523
-70.984175017561
-58.2679060663328
34.0210764269624
50.796446474746
-75.6483616089374
9.07799586292941
67.3580520260981
-98.8258762169249
38.332114068464
37.3520587857628
60.6327367773807
54.774282900383
-30.5664315870798
13.9124655213784
-21.6897949106151
-9.33594510532484
39.4357257008394
-60.6592065659139
-81.463948126239
61.4571911730305
49.7813194688389
65.5744778561888
63.6026152153619
99.2534486779591
-84.6796658643919
-24.2849570465981
88.5379477302066
-7.35521337158315
16.4246728293993
16.1782657316433
-25.3207843091452
39.4572427473298
-94.9398177238965
-67.0513966068332
91.6449538406822
-90.4055219189082
-4.22607931607921
89.7228227118133
34.0130833078976
18.6352696168036
27.6528172498519
-56.7335706279442
9.56937742794925
84.7184766646876
81.9450032505974
-66.9949715387344
30.9724244938356
92.7086881476633
61.069746371102
-78.6697865823496
-82.4743966772155
61.5407408657092
-15.2461294943004
34.0164606481335
87.6068666085822
-58.1280004055977
-83.3398599084594
24.7811969906371
1.63786449260463
91.5652008845866
-20.4382728012858
77.9849305514058
-88.7644109295135
-10.5211980008843
32.3299734667875
12.8167540586835
91.6000071113008
-28.6163089790855
83.0898851902489
-99.9240893631444
85.5441795045016
26.7139725117302
-72.9379696938406
66.1904600453242
46.7022766630066
71.047314739159
99.4290842133835
-5.60442027632321
-82.2160096256332
82.0365977580107
-24.6107096716328
-13.4080797170303
76.4344982984733
13.5583758679176
-42.1633419728729
-55.0377541521553
-99.973939590809
-15.8531774367742
-80.3773439145546
-37.0328831086143
67.0965438701715
-52.2232050158692
0.103200205407504
46.5283265644499
-40.7889281738771
49.4114391964583
-40.3820417299199
-59.7342086560855
-19.4170336626231
-64.5320705676381
-85.9117588257057
11.2270291292878
-90.0541587670764
91.4413854571945
-47.5348208436934
72.4619621693006
60.970159053024
-21.9813294947024
27.6799906307287
-27.6083790788569
46.2649107199219
51.0247903033764
18.1303919538736
95.2712586519312
89.5290807379686
-20.1078170361124
22.7064824441149
88.0036963641462
-16.634509568952
56.4871802452044
-32.6024600229395
36.2675614467695
8.68400157431704
26.4572929566019
87.2341413261678
88.9086915750258
-43.486129988673
-32.7120900315172
91.9012546086547
52.8985104722741
74.057762010626
-28.3045023231923
17.9005944257705
-49.3056478429144
38.8093112593752
25.3071997191573
-41.5840539982434
25.0188898891321
86.2975806622275
-9.91833763786772
81.1816850648152
-88.0453178440872
-62.6678536776651
-39.6294642948981
-95.0037474980901
-66.9283267278349
-94.5795678676555
-9.60602413826906
-40.7425155882632
-90.9593401818534
79.676607555509
78.7801217900436
-16.82187047581
25.659920476015
8.80760806974681
-6.55165995683411
-37.9257583521736
-41.3192767151779
54.6878619300064
60.8573983433004
94.7504363445199
-48.9179765331664
-1.32591795991384
-26.5357048028294
-47.9190043329611
-71.3953443207346
-18.8281359269642
78.659030850974
-18.9999268658863
-72.5206325814492
-9.57928640820998
44.0536554725206
90.2488974855568
-7.37937782479864
-84.9516664028226
-81.2393853299797
-6.18887290782504
-50.4611733863573
1.4895370115116
-71.7290595244797
45.8489229921434
-28.6714953716508
43.8597773534481
-66.0518516528528
-72.2167936683766
66.5294325347971
33.275378758943
-47.5973653188061
52.3934030953127
26.2040265921664
-0.910409153036738
10.4081361576412
68.9238092249736
98.0893434271485
-32.8296957356218
34.9830718915712
44.8661518220117
-47.0541826126607
54.265811088008
68.7031356637186
-26.5089896386977
4.19031323861437
-3.77083725677903
54.8700733272313
-9.12847014046245
-50.6244587582174
-68.0030235348023
-58.0498105882454
93.4457861607155
-0.54593306696033
28.8985052258066
69.4899961241752
92.8458755924788
-64.5176603691215
-98.5864697608418
76.9909062857434
61.3587590548022
60.3665005932778
-42.3933959849935
60.7217690614075
22.394702435474
-96.3528123714979
-97.0611697746845
56.8634193705354
-12.1155335496408
-68.2828583964334
-31.5509872882218
-29.0610296917559
32.2242955983413
79.9921805543944
17.1463705601816
-61.9186227979428
-26.3425077932865
75.4358089655084
44.673970076663
-78.7605619515764
52.8458439265054
-42.8159140790283
4.48558055360364
15.2387261316188
35.2389037905823
62.9021895716514
-91.2678073114053
64.5088755649764
63.9194706090472
-38.6879856606875
-49.2437198159638
52.4569304199663
79.48586528718
-43.0163759642518
-71.2274432204015
-0.791195602288624
51.0894101526225
-64.2335422226386
20.2388990373611
2.38789896787266
-98.5200802782974
98.4807137787836
-67.0018290820185
-67.2246761012119
-66.6083108634355
-18.4774730895217
-77.3668557177934
-28.1037497621752
-55.5967122453916
-24.6839537747669
-89.4884297951776
37.7291432119734
-6.90445415642886
90.871750678211
89.7556615985841
10.8437580398369
86.5626411867674
-58.7307649273514
64.230931932112
-22.2109619051413
63.1851488009571
-51.1947289675916
84.7372208866117
-23.9905038003812
-9.9158615037815
75.7042942522542
-99.1528585966054
61.3341372386112
23.2321443651106
55.0357643449561
-19.9915665454258
-54.9633154266011
-41.1762228351706
-91.8538850068498
-19.0096147177638
-80.2163333340714
8.5714856944896
94.1136679679279
-51.5750391940261
-60.2514598581421
-43.1084101698216
-34.8797175527745
70.8210938048039
40.5290840171463
-40.7049179297957
-24.7283820330408
-56.8661716262811
-74.4893498688182
82.9445237507834
-51.7053155853022
87.7433927693644
24.0260699221097
-3.74095219728024
-25.4126803690255
-97.5599427528988
26.2705544168466
-3.22581914973722
-53.2860908599714
59.4812593597935
69.3387401898178
45.5162907329813
13.1310049558981
40.0086396068034
46.283423641729
-30.2481517279272
-64.7917024489038
64.1157785744996
-2.69437186546678
32.5618950250878
-16.2613706051375
-23.8661673218137
-34.683999411538
-65.2165950350857
36.550218772695
48.9126162257755
-59.1657352143132
-47.6330459291661
-3.92240629199347
13.1960908212572
70.4141736353729
18.4161334327224
-11.3343804670772
10.0976941731651
-59.5105102454669
-86.5362108159068
17.5295794900088
22.5399098734775
-8.46135848126789
97.8917016213832
91.5466341254761
89.6982734895472
-40.6915139246097
-4.57904707871234
91.8853520675567
-15.0286393673395
-50.9850095026418
72.6092080287885
-7.94898963159577
-23.5097392295012
-52.1554260194226
-60.8281468649207
85.1331164505253
1.96870723882658
-96.8062654908282
-95.9863434397604
22.020303216346
50.4156387531574
78.2035406410288
-68.669132417062
18.4752128963763
-65.9425393124565
-85.5062834463519
-2.37697730233975
-76.8190160268239
-27.0193259762363
-46.8334664506122
-19.700739424609
95.5906341334137
-12.5654027250232
-23.4266790169876
72.513261600408
-93.3931091734383
82.3586764048588
-40.4772087576195
-56.6752253194295
1.86840008916202
-61.3362548025572
-56.5410262982016
3.01958700772185
4.25109582706999
-68.008163404602
-4.48782430564737
98.0741045910504
-34.5726428840996
-37.1543177211442
-42.0683043368911
56.2163818177623
-32.9642679888522
-88.3373591825782
72.7149638937504
-19.7911329257012
50.7741670105658
40.6257539417542
44.995810526042
-82.2800632485046
-61.3420791336218
-96.668146883269
89.8193946797093
84.8563568503585
-9.8180711172586
98.3598833186061
85.6171357286288
99.9030243779111
-41.1312617022516
71.1598569243616
-60.6845890255045
-50.5720456794762
70.2873322142719
85.6562665153108
22.776040924604
-55.3721948303764
-55.5526493754252
-2.54831596568101
42.244808259013
-2.38052439822722
-17.8578670240524
9.42437072090765
62.3052776229815
24.7329184215542
-96.4814885629004
52.8723462586428
80.8152554584708
-78.4762958160794
-85.9428950824837
-24.7971185100715
-59.6804793568515
98.3286125544374
69.6500032299436
-11.0130674559449
7.20322597540522
-82.6629071108568
-31.3151477806223
48.556067124911
89.8615897011445
-52.1716640996925
-45.427506818539
-39.6872888184464
33.2111087384416
44.8797073786669
73.4962908894184
20.1137064788341
49.7743622759008
21.2850269662166
-6.48386567375029
30.5857379442704
-73.4954330787391
-76.4655334373424
-13.9595197424654
0.423235309779656
91.3884110641564
0.768065784040246
-78.4855045514482
-33.2787225135814
10.3419747851686
72.7624939925565
18.7336537309056
-96.2718415550333
-66.2166745423748
56.175702324156
92.8703112874406
37.6417549469633
6.12149973256851
-5.81427974102513
89.8872530631188
-10.1729084461793
71.6315894688663
-19.3631966396398
-27.5414356053307
-5.98998608738187
-1.03681841592052
-19.3250618206614
38.7354048143691
27.0229311146774
35.0630355414644
68.8087086766962
-83.3948304199054
50.5722156407945
-41.9334049674007
-39.4485171636951
69.1519649391946
33.1850151882492
-34.3232564636157
-45.2351192789132
43.7715434682996
-14.2290729543435
24.6298678197796
-83.314287145394
-33.6096573572707
8.74233716132828
17.1668529503883
26.8387307571369
-41.4615299977447
9.6665123176759
-71.783745554206
-61.3162825366543
-20.9827417026203
59.1968850043949
-31.9758098248856
-47.5268431643081
46.5178490173731
-60.4651418651073
-68.9846376166216
89.6578957863716
14.5471606604055
34.2572977630662
13.3535870029279
-42.4398085668742
30.2666987746609
-34.2184606370964
-91.3157205769194
9.55374421660315
-16.4050951349431
-67.6015876869096
-79.5823598948054
-72.8665567860126
-78.3386255619245
27.8362019752265
-54.3065955382025
45.8398215006837
52.8235298824706
-10.9643037903069
61.7020925936799
-59.8439071450922
-2.12868714491464
86.9095238725004
16.9055429606159
-44.0899041663417
52.2823504626685
-9.67154536291866
96.5440408988398
-96.4519213218272
35.3006192102157
86.1324717808702
58.8971861820677
55.1386224580395
64.7617854105774
46.0335823391112
-7.29154221245423
63.1495596175996
66.1660185326301
-49.2686077923561
3.75136545046124
54.8024570452915
-24.4989014205475
-37.7089414765277
48.7335940701417
-88.7933108612031
60.8149841709307
3.92508941741796
-83.979548133724
14.5290369186742
34.6590296158333
89.0746542912674
-50.3400736011328
55.7670260836972
7.40584446749399
71.4942876040687
5.03985898283317
-78.5200710523309
-75.7997792102547
-27.9238614786302
-37.34562152404
4.86601299337821
-11.1733278869249
-43.8101270228256
-61.1519352771593
-6.11884657200113
-38.9014488824232
-99.4637403404497
94.5380088716591
71.6732004952039
58.9710817655775
39.7068205992479
-9.88501609633555
-89.2553702846082
-4.36827294067903
-61.4923678730736
62.3899106565387
-3.29338664512126
36.3522618872228
64.6499636461805
43.3432462455884
95.7267277915126
-12.9942462066255
6.98878478630036
-45.9618109944641
90.4786412470932
-65.0457691164145
91.0506694799171
89.2188730660127
-96.7067671020897
-39.2316182854272
72.7776409428938
-25.0479938519584
-30.5355377431403
-45.4355263845687
-21.4240293469835
42.5084239793414
-58.1526963842401
11.5851647124817
-14.5094647353935
7.4520859230266
52.8702284112614
-36.97311026889
-76.7895637616973
-60.6234891688452
69.4802484099676
-1.76460396293979
73.3218720853552
81.4642095915543
75.1641780377272
54.1169161457845
-75.7538102387634
23.7824663746727
-14.1206271192174
-12.2017935049104
-79.1435789007624
-56.1025084640891
-57.3026520955422
50.0321170663307
-76.2710145334358
-62.3426862104796
43.7588112898117
-50.5619020491166
29.4873568110201
60.0987103146679
76.053118109448
-78.9315989748963
-65.3373503740616
53.3343840830577
11.5678054052091
21.4920834523241
86.4158285949979
-25.7184267510982
-59.964964907234
58.3997688345122
97.6494936219593
30.6520123778525
-16.5758764013765
-95.9546412877492
-53.9845008099266
-80.4505991918292
-3.44153565521184
86.751608174711
71.4412159806985
-53.1554659231675
-4.98179958971176
87.9936950854188
53.7545876727734
-5.87505541393158
-52.7394770290075
56.8138566643086
-46.3952122133806
-78.644116242928
-16.2718206830908
-24.8199337938956
-69.9485201633532
-28.8977173066687
75.0439738518236
6.74703235607983
-65.6377301880887
-75.1815246277264
-34.278584037222
42.8109028902718
-38.9498333951531
52.5762276475522
-14.8528450401721
-32.0002574922021
-88.9772357397718
37.3469079946039
-74.9638190128766
-79.5347046388993
89.375356447171
28.1574475238629
90.322340533372
27.9650637111589
-57.8662749276306
-9.96905247695224
51.7001303235046
89.5747231839802
82.9522857622796
-24.3532624116897
66.4318103431897
75.6887437225095
63.6331132308308
28.0879781632919
-78.3909109896614
6.73987156430196
-74.502956229045
4.90070067292079
-68.9574625054781
-13.2111989014276
-49.1243960412157
-57.9069842788983
-40.1752350767841
31.5876470122681
76.7181747818415
37.9320340161876
-97.725006164888
62.3599052824803
45.7100410955119
-87.0084142560556
-61.1327631248241
-71.8549305686022
44.8018559630434
-29.9403239829649
13.1599753151141
80.773417029174
-20.4480191832463
65.5800421130388
-86.7651426165106
-82.6115003942112
1.46896665077905
-96.2872237023464
-34.3379936559408
-89.9300258097
36.5395839863218
-72.3044948627584
-73.3374074736164
45.4066216504796
-64.0206969199134
-46.5628621263632
-52.6510551062932
-52.0601764960931
-82.1380632678441
-99.3456490074314
4.34892973730283
-16.8123820731962
47.7234463258142
-75.6737412143672
-97.8205322855179
77.4256084470832
9.73423405553953
93.4348411132289
-60.7093272726196
53.7525335914471
-74.0627706250006
29.1571520933656
0.392879023171915
35.5457189119491
81.1438955596888
50.1734806303214
84.4120465164576
-91.2095898223149
0.47094977945838
40.5459816607093
81.0592182264336
15.5220474889293
52.4040232522753
46.8983799954897
-15.1265086585764
72.9527392560672
71.0652804141844
95.6582245399043
-18.8406143788128
-43.2589685848678
-34.4660306638608
26.2689621105399
62.0991957208966
25.9122194188907
18.0484629024127
63.4795583007584
13.1399850530904
-42.9764475112334
73.1661523951526
-27.7454428668152
15.3731207980045
10.5735835867702
66.9629643745998
73.0481413108361
25.5664428860394
-3.15830191457269
-68.5774479428594
-89.4399254157034
2.284969453153
88.7749550944708
58.2146889390096
89.0707292908756
-88.1316332273934
89.3980460330618
4.50960819068749
-59.2968555744236
-3.50502318886598
71.8296381482951
89.5072353334243
-28.5039635123829
76.1288300150727
3.20018340084506
-39.8080883452703
-37.8813425375657
38.7697834896649
-71.7070880741302
19.0770491909318
-41.9143089258229
11.0079253952634
-85.7463971666143
50.764579585037
1.54746528483329
-23.5528810345721
88.1816671383969
-31.5689749978893
91.0462661756609
15.15044471559
-68.1316427372806
77.3713730354675
-10.9096647639612
10.9875083642728
-57.9165749820531
95.1422079006051
38.1821602650464
-38.2330936423099
-79.015945993652
82.8664397166984
34.9224257764035
75.3340275614857
84.614387673059
-34.4641434227484
54.5537672260014
41.4767212050553
60.7048569321877
-66.6337886446332
94.5188819321554
-14.9414489784436
-73.4608095905088
-85.1642263750009
-26.7029935188492
