-98.5486083987907
-72.7136368607919
-25.049502528048
-74.0268633240947
-23.839057506713
-99.1148157241496
18.8059963171071
18.8015512736118
-66.4794907350307
7.65405765201264
-6.56480378896893
9.66731078602874
19.3272789896161
-45.9961778595557
34.6258385032343
30.1749520815039
-69.7366566639008
55.83812250435
-38.7961020314742
-39.82996753361
84.8558567710937
30.3554077989506
-85.144067142801
70.719628127323
34.1683253738209
-71.439624732915
-37.0198677955493
11.245000858525
-89.2112358661343
-5.80929293770809
-12.7761569637904
94.4709903063548
98.9634709787694
88.3317529968906
67.1776978765772
-3.86795763828496
-24.0226612408635
58.1291115703285
-33.4834572987259
30.9667611184954
99.7289679202257
85.3856737658941
38.7027539770157
93.8462795527978
-52.9597691819654
-48.5025428438758
-65.9881606198076
-6.84188212529794
-11.154413313452
55.0038003079365
47.2255929656071
46.4066556007348
-45.2569137721363
-18.6016820062796
-85.9106098584017
46.0040236766669
99.7510904018067
-53.8710413920766
-11.6361487749645
-35.9398926029609
52.3321148313767
-59.7789746845629
47.305682605283
-1.11089873399686
31.364778860925
21.4998541444618
-35.931902626711
29.4129383786866
-13.6284039141019
6.71788806582738
35.0086471688398
-73.8190553529614
-74.2097185472955
4.79957140990308
-51.253247712419
69.9662204666185
60.5464769669861
53.6582641099297
55.9644379512947
-19.4698673362217
-77.4216602181181
-44.8126414700143
-23.3872536166718
-53.779036225892
69.5592545442687
59.1472586531333
5.54519216868033
-34.1867782875157
84.283744202998
-43.7177486965086
-13.29230973186
74.9572272379136
-26.0109111166787
2.68555638400841
-44.2900453077284
35.9482921599572
-40.5709075766905
26.0446377272296
54.9572506173945
-66.6875982838307
70.4572899142201
-52.3433015350894
-48.6025819085732
49.0185158568581
-31.692816129152
-81.9069157376063
38.6763996554465
2.46644148557216
-87.8973221016109
-12.0747873903293
-49.531942616802
-54.9245792797085
-55.4535107419741
-4.38567720197405
-71.3269735415425
-91.816431801594
94.940573721506
85.6849936096737
-69.670100239083
44.9598200765174
-55.4322371894296
-82.3389377407354
-48.3645579673041
80.5819431746058
-35.4877737558224
15.8591349366946
-94.7452141502798
-33.8813901860416
35.3391427530894
-0.37952140077887
-18.308875934817
-68.4623341633535
-99.348921580981
-79.6432059644306
76.5236165934632
76.6248008407104
-99.7798665807283
62.8443320998691
35.1751020668117
-89.9408944238303
-36.074158474533
-78.6695176153514
-30.2530420574843
-24.3106324560487
-39.3368836346966
13.1250197814565
-99.1808338500689
49.0042255296315
90.5120261184318
-69.2415243810553
-78.0383331145759
98.3721767035159
87.6484438726246
-77.2703854201024
-71.5258030285251
-4.31918384040782
63.4538445096985
-23.6870013814615
17.7635614690973
88.2392463518666
64.8035150081588
46.7935991160818
-3.42595794142466
44.3022344192512
-93.8351249697503
-51.4680054533868
-66.90694489793
-89.942954961963
49.1974794830041
22.8134247425617
-37.2745273007852
-22.4932836470597
26.0955002404433
50.3139372646979
36.3439771074842
36.3609186120673
90.8448081215071
-81.0020736688898
27.5784329848875
-26.6048363738945
68.4480991467993
39.8587255199443
-98.2261930671274
-39.0968350454205
52.1186064410035
52.7237979245615
-48.346180672073
84.1361884580711
-30.094003178898
54.1946409858906
-99.1407305441333
-44.5520635306259
44.5029754561167
63.9687379174102
96.9224572888449
-8.12418705838958
31.7875283311139
-44.6908504749858
-97.0892822435319
49.9274705145178
52.5373344820576
54.0107272501571
-34.5427930018284
41.2524811070699
0.463659413001125
-79.5315376400319
-23.8982693242221
59.7960520115795
49.920730342044
-49.7347418347561
25.7815556254328
-72.7206837289014
69.4995894081366
99.5392170853047
92.8241873608798
-3.61851313024037
70.6262350573848
-82.0382574829264
-95.5898194187749
66.95287822004
-67.6581477442982
-0.94830009661942
-33.7598669991451
94.1634195847138
-12.648007694738
94.0279215329249
46.1598279075307
93.9489274095383
-95.1970270569538
32.2382123867463
-26.3706430503831
-34.340249407467
-81.3159332089843
93.3684644761713
65.2945809514925
69.9482293530391
-63.6113712187137
65.3243517644271
61.0541370378409
17.2938790013241
6.25122601823686
-65.3567522033219
-79.3349731066141
74.9655383937404
-95.7867645017125
85.3949421145788
35.7211992082623
1.87267146872718
58.5875625807206
-40.6797158020117
92.988154274091
-36.2076146912566
-98.1040416655783
-9.79621657116381
-34.1843447228816
33.5968675422326
-34.5878315968656
-49.3023129379474
-37.3502381442983
-16.4092944073925
46.1779696998246
22.041218780518
-50.7270085873467
-72.2762592739735
-61.3707282443785
31.8203566635297
99.5845480216889
-87.8144697846965
-57.2886523409337
-22.8397581749798
56.0811994004084
-40.3097847020724
-96.7746329222146
96.4397473537703
28.4050685411361
-23.2352719750226
18.0404099687584
5.00789076222567
-50.443640287072
-88.09314393526
28.9298899447248
81.7266227423231
-50.3738685659614
-78.4978443206372
2.45128164648898
28.223779671751
-34.1509012068083
79.7866801357603
-97.619136655006
9.59980810736893
52.101271599705
98.9561133844726
22.8858394185588
-47.9789392232696
-56.7116186698867
79.2487192503893
-68.670496487672
78.4135783282239
90.119261653296
36.5589499007995
-85.4165498551677
49.0601304136007
-32.9339904130521
-76.0496356866695
71.5701377649883
-0.00524110419914336
-60.997664053405
-58.7305832553567
-66.2413476068413
-40.1969940853388
85.4832485444807
87.9067436543654
2.13444241218225
84.3052737858764
18.0898189809276
-77.5087898511971
-18.2711587720114
-6.49373156786217
-22.2143140844763
-67.2016169407974
26.0400676583291
-6.32836084670635
22.1685249312291
87.5524956899985
63.9970284666127
37.9557531355294
-20.8681780040148
97.1020411284906
-24.431686561418
87.3317691125836
-20.9204451280618
-63.0067469715915
48.4791542463232
-86.3595205345466
85.4975759569642
65.0628448700118
-44.4294458424844
59.6447154662427
-10.006189965702
-18.1285538242832
40.4694099222123
38.5916959812581
-70.4413843393932
34.5277672250851
-64.6212708462776
65.0830430427609
86.2827991334921
30.6578520183448
-83.083792551756
76.6601282455924
88.1275825573264
75.9202447288988
-93.6493761507628
67.2919419144598
-52.9724416431423
33.0097177608272
-16.7150700353874
12.8578926630363
-28.4061155609805
-65.8203683847711
-97.720664559137
-75.2020318931795
-79.2989598212936
-74.3408957911518
-63.1034569005745
-4.49101594571742
45.8690245116199
50.6837932819855
-6.56420587498936
-43.5823703502435
-8.49287355494253
-97.2387132419602
-58.762169039101
36.7738499900734
-34.745775191118
-89.6378546714858
-65.7547774695541
11.3394041171464
-73.7891212292841
64.5247765118245
36.7206890729443
-59.0222736882927
6.11777304023926
35.1027429296281
62.3421780263261
-70.6592099395572
-65.8858215905684
-95.5390694077623
-64.7510016215497
71.0772807450052
-80.2631295451529
14.3617745810664
-48.3218980856368
-38.1415470758896
-73.7334161548575
-18.6898112768624
-16.0501248065821
67.4566300604071
-70.4720850877289
7.38773807046771
81.6148285240982
-19.2974344477134
-87.8032972604964
-0.153239380085751
83.3452429359244
-57.324105225422
87.4459632155744
7.44328965667746
-72.3655812188317
6.44100761576169
-11.9550440314639
-77.3914368868624
-10.489993845956
-85.5034258908637
-94.5273368184634
-57.1418208955415
-97.1255008868964
-83.5201886470372
77.3284586106908
-35.5978075583308
79.4947020016259
8.78969190963761
-90.3443587795179
69.1229879221682
26.9063042580277
80.2753883364837
-50.5571621589194
10.0661006189507
54.391048472707
-94.9397693695507
6.43586245331554
98.8590259195639
25.643426072982
-95.0221015878533
-16.0425649130547
5.432483096019
-97.8971944552761
22.4933567943554
-62.7634662426809
-93.1431402210171
91.4775702830948
-99.6731876737225
38.280085777209
56.0928578444013
2.08531997136492
-89.5195120975454
39.5350146841753
43.2658231327738
-1.35253400250302
-41.4652921300871
-23.1623406661191
-33.8560214319458
93.302852099398
58.7024541419563
-91.3376127846619
80.6243670508346
68.4012245859046
-37.5955328160237
-22.4344095026188
-97.4301093000097
-13.8905891052886
-84.4354793024132
63.4367087773794
-42.9564017857982
-79.3471403565896
90.836213246036
-97.0024025881142
-5.19040978938257
57.4075842090101
87.5250018193657
80.0632410109346
-0.109344812348183
-10.4098233558365
-70.832746853896
-42.21702385958
45.5792046346445
63.4850731692606
-57.8073623547115
58.7605814480885
68.7673447987231
80.0934297272535
68.4073393525851
83.1632894435674
49.2590733748986
-77.9607898312683
11.9356073053284
-70.5198688462895
-47.2823261110307
15.6812035191362
-73.8283077387571
-34.2782308806333
37.5220300534983
-66.8189021339656
84.4341125729415
-8.08062947215156
-55.3916553217566
-37.4358950367116
-73.8392038505939
65.8733175748587
29.4191362179243
-20.0031027775048
63.3541359121911
44.5928816154739
12.0386146070986
-75.7416762707829
92.5794795352775
37.581198230524
-44.6989589621985
57.5272428755164
19.4391349331407
-96.8574485364142
68.3931789201386
36.8752925056293
57.4181781802789
-27.2254463041107
-11.3950474556574
16.898525530203
49.4386774077698
66.1623446533614
-61.2862815213648
42.7326504988048
-10.8585059748685
67.1615926310993
20.0906270392401
-7.04895437308265
24.1797178539689
-2.92331258891136
-99.6636581696785
72.4899482551847
17.9658514622032
-95.6012583724063
-85.5166644661454
17.9220633743935
75.0182800112523
-23.3364916838445
53.1902188142151
43.4994857249799
87.5412646267673
10.5832975576724
-16.7958800420473
-15.1347471397574
35.3453569832507
98.0245939537967
-69.0410468503225
-18.5146703809617
68.7682486200289
-50.5806618996242
39.1290165108456
61.1319378322779
-93.2751382866266
-93.0226377004845
-92.4883622390238
-15.0922128945316
-62.919539149945
82.9653149391791
-63.624464151216
29.7758620237155
30.6486583648457
-81.9835424296909
25.66174023702
34.6771276520096
74.4652554808911
-56.9722852896499
-71.760876775362
17.8118451545194
51.8615375656889
-59.9483226291784
79.8998104159201
-86.7875770853682
-78.5399837522469
29.8170635759616
7.65366194149092
-71.8519210492481
24.8827703290736
-67.1609367816167
22.8877640732628
8.2248388192933
36.2813735267485
-70.9316531941792
-32.7384032140291
32.6732895050054
-3.48979425113542
62.8587195000587
28.6212048952455
-36.5494952523261
-22.3477771901654
-68.2970918844713
85.3351827582279
80.5413285413651
-45.5000103333955
66.6163949385153
49.8909506273926
-41.7180954688076
-32.0466203973011
92.1774590693064
24.366033342233
-9.71322123496897
-36.3361467035427
93.1461452306037
31.2578259478396
-41.8562227717746
-71.3415223679155
-22.9687555741447
-36.7518356181612
72.1770494940358
-64.4018402767643
-18.5083403291225
32.534863247473
29.4734079006843
10.0730647247831
55.5344683264858
-78.2720852861807
36.9722170517738
68.9580964677186
-22.7903111715733
-23.2293566165431
-12.8137094374302
-69.0940421479551
63.5114822880005
63.811552881609
37.0539050167247
67.1986234552638
-88.1596108783056
85.6672309243304
71.8960781645709
-70.3082438528602
64.3678424151665
-99.4249479176005
-79.4903242757324
2.24549491070619
-34.4756055919718
1.35994984799042
36.1184324624127
-38.3927336440982
-61.7148042608476
64.0769369405295
91.7399952668628
-46.5020083755389
44.7828675296055
-89.4125286466936
-77.460574405296
-35.6392155946197
-97.3935700636413
53.2696778265449
-1.80809548987837
97.3207445739742
30.6075058701415
-85.0879424741636
14.9324417570351
-20.7985908828679
-71.4667304225038
66.4788923218732
22.8370514849676
67.2539815765578
-97.8561155156716
-47.204039331526
-37.5030603020102
-24.898461094489
64.1723871721427
41.5562299386718
77.6634088314943
-56.1724660252211
-33.2694828321436
63.8475531098307
20.5169280054
73.8317746619065
52.3062514783026
-16.4015168806687
0.67556758812924
-0.27659183937493
-53.350935727546
-9.1867803706087
99.8623975143928
44.2481656420945
-10.2316698742468
74.0813217224448
-52.1928236186313
9.5242848683813
-45.0350461991124
-4.17066204054069
-37.970278780557
-39.5940450077662
42.1761292684829
94.9974263508933
57.9216074380502
2.43209752254825
7.98450085847739
-87.0463844385429
-94.6255995322618
-84.5569342330467
58.7623285861805
33.2944718990381
96.5982515715246
-41.1598728420737
-43.9178614342384
-70.6365039347585
-51.6091862829509
30.9403891193941
84.6747918750242
-74.5887676722539
-40.4709869100867
68.5747422394652
16.2314041064733
64.150628354932
-89.7985774717206
7.0670678507591
25.0689384732663
36.5631139824198
63.0094072358976
-97.2138149665779
47.2100851049253
88.3858810255551
42.9875717578441
23.2302579715988
77.2850371637515
71.2737569473466
52.6598367456056
-58.1559924598052
52.2070914158703
-66.7531318238904
92.6082904338431
88.9888301401627
-8.64104247676299
-28.8824871358365
17.9885903579616
-37.9924302045668
4.20356969017701
-37.3236494763709
-63.794265016201
-69.8817404298212
-61.7350520780029
-66.2370970498821
5.97205916859009
51.3135942486881
7.67425263398161
-5.81552119337414
12.8097482698019
27.2310568627154
-97.8800841823677
1.39470498166571
-49.7942218180255
-4.00774925666903
-2.3979418620724
-46.4344081967596
98.2450304645851
62.0274017014405
-20.4993703038265
32.1082658892502
-74.3440931032516
-30.7009859942426
32.1768632565286
77.9190420752454
11.715026190338
44.6184466408597
-58.9385362114973
-89.2035043615012
-49.0210915582774
3.8071733284676
-80.398292390423
-50.3374146300035
-46.6030007718146
50.2290211917326
-67.5672931493937
-89.1801478663437
69.3084129500882
60.0789787842945
-34.4018060956707
35.4606289171856
82.1200415170171
-68.5068863092996
8.9475756859583
98.837166221769
61.2227919886127
3.23966799293562
-5.42502773884448
71.8928036451255
-13.2877123834084
-81.964518150289
99.3122188327443
90.9418357415425
-63.2549166505803
-93.9717774909246
18.1392783175158
-28.1578420532025
78.754104245714
-5.02433880073032
-68.8768923656099
-37.6057836518507
33.408562728335
51.4631605951425
-31.2360997457663
43.5091559896423
37.8489262252263
16.1639235822881
-92.8171612259785
-12.16668867529
78.5213067498844
99.3680571927275
91.0170411040576
68.600642578488
2.56322294909278
91.0973476851001
8.78146423891563
5.97626891626311
-11.4045661835588
-84.4667539902762
-81.7644231006462
-55.704261416213
71.7030876428869
42.7118049593909
-54.403836185827
41.1421499214763
-37.0396382697285
-2.1501281511498
-56.5509210910433
83.8019470742966
79.2732088814237
83.0604723125299
-84.1133042896147
80.3704270113338
-52.9960103332778
48.6734415566923
20.6464198952584
-90.0473150440935
75.3790454647956
34.772447523795
-16.2887916178191
-89.7588372749231
76.076335215726
93.2785511086425
48.993828956355
-56.70763188201
-86.1071489718356
71.3933161629997
26.626792818934
-26.4742815785539
-85.9568425659633
0.73413524438071
-18.1498225193393
15.7421378460567
70.8939646605425
2.06480605313088
42.1658879268516
31.3369699105434
-34.7748171890546
54.3566456648093
48.4782924036822
-78.2812210100196
-48.4994968685881
75.6927141873603
-10.6767668716394
10.4504222299866
22.7952101688026
-6.35254940500222
99.4188838864486
76.4883761511582
33.0308936387799
31.0915852849336
35.7843503844627
20.2430086071646
64.4318727689753
-19.3394647801445
-71.0658955551044
92.9171802890458
-87.5148254984106
20.5552802958061
47.5439238282861
-71.3045648494606
43.7260195347781
-48.836530161578
29.8713105988114
-26.8337000892662
-80.7576886354037
-35.4445510611149
-80.2684604254731
-16.529139821661
-74.713326520025
21.3480562007697
-17.0116030073818
-44.2329213556278
-28.6133242095431
66.6864870787566
-55.5062037906628
67.6493301138493
-53.2979054547909
12.875644125039
-63.2577492618112
66.9253795831192
67.415017161815
-25.9412298592428
18.3431741965356
-37.2837660509028
-8.58118196333605
28.5524361928805
-75.2406794266931
-73.1595999473807
80.5763506533631
27.0717994774286
98.6149126787376
25.0673879169279
-23.2529227663565
-51.2573766715971
-40.9600635842072
-52.9204038862969
44.9399424635748
86.2048453467796
94.6110787806185
67.442990864975
-89.7831990084466
44.084718901001
46.9929630263271
-0.694136698787091
38.0053353343455
-80.8861873601983
6.19460807372892
-31.5319502262412
-37.4868649007061
84.2946866857205
-74.2221324969451
97.5318402873609
-33.2030717269835
21.7887587945461
-23.5027489537815
28.9952239214666
70.1299031516866
-13.260384541972
69.882655842408
52.619237809218
-71.7771925795364
9.80618121538043
-97.3122049001015
5.11826628890084
60.7506957421732
9.13609137204546
21.857770343038
81.4884571368296
-42.6623601710588
15.939916694518
95.9069329818868
-58.4527366785668
-59.4576762107547
-79.9659780040569
49.6213804479457
-25.5374619462435
60.7180302822625
10.2975186896839
20.4188005281248
-7.42555121788105
65.331051548769
-54.8584190053441
53.2008707489482
-32.8145436431237
66.830945035251
-79.358392580019
47.434884404444
-65.043883084562
-67.1812474495099
61.4495461408214
-93.5870613019484
91.9993282129011
52.5229021337142
75.7911052738187
