-5.82628488203909
92.471429029111
-89.8645988098183
62.8988428522795
-39.6956024020305
-19.5374622063017
0.599520493326906
57.1641763318038
80.423708698916
-55.371955393978
-64.9379023376842
-71.9560995424916
94.8618461451412
72.4749396612558
98.2686030923365
-16.2231047824539
35.5213258146987
-46.5319951561978
-23.3435454820728
12.3054126647662
-68.8476420757556
-36.9721364665128
-15.5520136997661
-13.8478882463497
-90.8762130829904
42.1948449861563
-54.3825474788767
-96.0518974961248
-77.2676224472314
-49.1598990969856
24.7750460259561
-71.2488580129219
93.3803233574524
24.4235622308216
-0.968076758754393
66.6539407287882
61.833278427146
-26.6638558222567
-99.6858783306457
-1.84149517180789
-49.4435063726621
-26.0368341150562
58.0431787038827
-11.9893401851585
-11.680084037971
-75.2256740579911
34.9565454833875
5.47899490468259
-39.0066736638292
-99.8519525860408
4.69039238779759
-32.8609417503
31.519184687139
-23.6151851380704
89.0779181603277
-23.2135718566096
-92.855947163602
-38.0918509674294
31.3023890804838
22.195452908657
80.4898105709006
34.9887866186412
65.2145080255769
99.4487754322213
88.4671540332258
-42.8753864379101
-86.6888331547252
21.4300627141809
62.7251751523681
68.7098673868569
-33.6938384665007
-24.6660450954151
92.609309267156
25.2738077990762
-45.4600816569997
-86.6632479826176
83.1044586528183
87.7309545299208
85.6120138991511
-78.4802025326079
-9.79123245281114
-54.5120284589008
-97.8776883745007
-11.1879955985526
86.2017405800137
-97.4214066156042
63.2060431225825
-62.5286881704235
38.6627017845518
21.0661535891093
-64.9616301933118
9.98339332275151
-90.315843554203
-79.4682577639652
-79.7430570847655
47.2750823572709
76.0050825221574
94.8689266005001
-17.8406275016007
-32.1405820055747
-37.4389940040788
-13.6394470882259
-81.8312792292879
-89.4587204763389
-1.09721061148716
-25.6640877069741
-94.2606128964071
-9.68696445266262
57.2377951109011
99.8449976987141
-97.8774592092867
71.361336211447
-51.8914008407636
28.0743155413476
90.8349352774906
-86.4315557892449
28.8823259996778
-71.704676529322
-47.9049060390271
-48.4754218859098
-14.5722624797209
28.7623832423717
-26.0907569046207
-92.437597408427
70.9111881777203
93.3042282187744
1.37661901519901
79.1329946756325
-14.7397830809899
-55.5196147097815
-35.5668935538764
44.6415276451247
-80.7191576620163
27.3020743095852
-91.6162851110442
-10.3266829019886
7.12986547591478
30.1817449614768
21.0469181135893
68.8115228317154
42.4656887095896
-64.5105401317137
-44.8141836047571
-63.2187083509509
71.0648027240207
-55.401910460916
19.2680871834911
20.0776101677918
-74.3979157158919
-54.8672803489268
23.6446781527012
-75.2965115681329
68.1111399311454
25.8175161431521
81.9111945268031
12.1968708612939
88.5615366107179
31.889897228611
88.2936901784992
93.5289180826935
51.3354547792319
-84.2424243935017
-60.1510127014963
-37.8958589458197
-34.6434770259379
2.05541666576809
89.061200589033
-0.231664304829479
13.9202450976974
-21.4132156745613
14.4202508356226
98.7409964173641
-14.9083403319117
-45.6066269290242
-5.47492839197668
-93.3454382748986
-9.67745323386528
-69.1713757601795
11.1279936360899
-32.3221189057116
44.8931228461966
93.5892880814838
-98.6546396479413
-70.4496843303014
79.6284630885564
-3.97119979046285
-7.82398261760416
-25.9311741091004
-68.445076936688
13.1588584497329
29.2358665328279
48.7446904111068
-88.1140148494005
57.9712442777731
73.5966770977377
4.33466326002241
-46.6505774666589
79.3896247199068
-21.3698036785108
3.69049148944664
95.3057936659114
35.2035152024385
75.3926208003126
-18.3542925634385
23.4144590938429
20.0665455417846
-1.72023077122154
71.4707727728849
35.1817238245287
6.65514384943474
-51.9293195148617
-71.3107720315635
99.5800899421505
-59.5348181740597
-62.6021180906991
-33.1126554342118
83.628025980108
-16.7301722702149
56.2704065827695
24.6375556657273
54.2579665071722
78.0939202207487
-21.4500642211245
19.1096271445909
-81.8306542820697
19.4774200917296
-51.9153381880152
-42.7513030826607
-36.8225830819159
53.9268968211879
-80.2156500389546
85.9469648163528
80.0563056783263
-31.4604685783132
14.9388906918459
-85.6525325873477
30.0943926867676
10.9524301993053
-82.6890947831723
63.6927589518317
-96.2925227113182
33.9759057574684
12.0403694576027
66.3279935520635
-22.9169527230178
1.27485180133992
71.3114499166998
-27.9363669670979
2.12520652599099
-75.5409824393152
-0.810661925882883
86.8425586724657
-66.0231205826914
-22.7767461990842
16.555644606741
20.5158489945399
3.24705092344526
74.9962199871446
-92.1246000177498
33.221080516152
-28.4162587814063
-16.2810111367096
-16.1504698855152
-93.4500410761798
89.6477619505042
-31.3456897186961
10.0067069513643
70.0446138634632
2.58025351114367
49.4344707413449
-78.5182270424678
-70.4695304413665
19.7129053314884
-42.487984076559
37.0278454848803
-17.4316873601736
65.143127282918
68.1026519368339
-51.6040907841834
-32.3223198053841
49.3919490150462
-42.3521727894539
-41.1220973271642
77.4992310089165
75.473553314462
-29.0641417001681
-38.202212010944
35.2382498423353
-60.7459104885204
4.47278693982844
-72.4987224421296
74.545619619921
-35.6308339850154
84.0995041842859
80.8107242816675
9.07729877804148
94.5871318531584
-26.6617838503137
-70.6847964869738
-43.5520216065393
70.064377202615
73.2980582874941
91.4495051896114
-25.1071657770276
-40.4579437414899
-19.604128145296
-55.3877052565131
99.7107769608338
-7.65189560421064
91.73938230487
7.89669691708814
88.929524498561
-0.603902259331434
-63.1158195941076
42.4229350657225
-57.1327819465555
94.429928201557
-4.22817515813175
-10.7035867623112
97.4929733943177
46.5955358276309
-10.7755949511198
-91.7916180013708
43.5613276740716
73.619256459252
26.0963635213824
58.3761792700014
-17.9554074578204
-73.2497877920658
-29.6959303056358
-97.4387252917752
-46.5102719315579
-34.2143389772001
-78.1598349919473
-78.2563272934255
-69.4474320371189
-93.4384959578972
-45.5069327167365
-85.2566990209525
-60.6836731112497
-91.5992400156007
-35.4725674291291
81.3398091154506
-16.6648796989519
-60.2339601124258
14.5944446340167
-46.4064870310657
-42.2715346479343
61.8198895628485
-47.8298015626668
-39.7709631548958
-64.2039116457791
-90.8507732916249
67.8496942332077
-2.64983482622024
-73.9805345542009
93.945993414985
30.3364498028911
-68.8093904855137
91.0488029647724
91.5451878471311
-46.8244105031961
-52.8550975872779
-73.8802819328482
30.3310462605701
66.4269443121775
-72.0994363307324
-52.5119153543484
-25.2848308205057
35.5323104766696
76.4751145592429
99.5626752247282
77.6937359854039
4.73927308556125
21.9331337008986
-3.89550200765056
-11.8984876974991
-52.4182821683034
76.0561627830086
-79.7047080862743
52.5210867760429
28.0104304361681
81.4153786028614
49.1056151964054
-80.3665732804574
98.9540044025737
-97.7657585517123
40.6262564197097
-81.837747796598
-92.3772490779746
34.3055560779403
-13.1507381904124
-94.4532281288633
-33.6836917578205
-22.5039946701564
-37.6642297063914
-66.2951013187009
35.2492773286951
-38.0533547859912
92.2466649526211
-72.5672586372469
-67.1014626741257
-5.21145510072593
-79.7625806059549
59.4773543662058
-43.7890662739214
-22.4060223468961
81.0927462631972
75.5780600297794
-10.5666085215022
67.4979838715319
93.7547537541134
60.7224369009716
-67.290663603412
33.9376694651438
57.1971617984298
15.4465661661836
54.1978467985541
64.9322211093216
91.6738517678434
-74.4072204231186
32.8309318379861
-86.9638822707115
52.3736830743407
87.1998595733419
89.0448665607932
46.8210407779122
53.2211625103516
29.0004469495489
-79.0109955809001
56.0673195633119
95.3013016039319
80.4277581142023
97.1045853609621
-17.2873128545067
-78.2158820843506
-83.2339469739329
-12.3836103836211
56.4395459856179
-4.10941096957758
-39.9657692070705
-19.8162709714638
69.0726753606849
-70.0467844307326
-7.43147792679245
17.4100759978024
83.3191932049029
74.1753247671614
-78.9398210127804
-62.3448636442999
-55.4029765703978
54.9739645019782
22.0923322570472
1.88940306571833
-88.9874407816479
3.82896287953717
-60.8019420515014
81.0201403056534
64.555849487748
-87.7912699104478
-2.21535485684781
32.0660828417357
-56.333489527592
59.2764087061279
-5.06385926238914
84.2525304385238
79.7172810715515
-65.8850783189235
88.4593071711619
-86.7198256688103
54.0188022737079
94.8536693142837
56.0258075606995
-70.1022561862765
-35.6325560974389
54.1256976589083
-66.0693031419891
40.5512568029928
-93.2384974948555
38.3894855421596
54.2064608544736
-89.4737152212078
77.7053538161226
87.4632370432276
64.2663878501398
80.6074028569102
-41.7547899932194
-92.3279887658464
-5.98169749663701
79.5815443073105
-43.913469080077
-70.4751695521092
-88.956358978858
-17.49404935561
88.4083122491012
82.0026157263827
83.0367251052496
-90.3849866064509
-43.429639499292
-35.5541481207134
-95.1625504853884
-65.2843070201042
49.200391714087
-75.9288605169339
-3.08528354438008
-65.9728299779314
-54.9708654421028
95.455135313748
35.7614832791713
-55.5776477758558
98.275734226543
41.10139399047
-13.4360935846289
80.7425905552566
74.263009480363
78.0592575846951
25.5947666380715
51.2228382058933
31.9795803673295
73.3763826083976
-34.4463685021741
-8.39639407252821
99.2447075782194
30.4748718911169
-45.3151923224196
-17.2537980645384
-33.0797319447841
47.2384438950837
38.2085369205223
39.0518221592115
15.6711407179466
73.7526604556697
-77.6613501994485
-73.8219750305219
47.8158394455761
-3.87412116482724
-20.1988707092822
44.3908865933119
56.0196744081806
-44.8713095554559
3.18730854375686
-78.4600934372941
-78.8494414483123
30.6121593737226
-10.9050435995585
-66.662542671265
-93.8666942961369
-98.2556402346459
33.2314568937892
2.78615726077219
89.0239482093434
2.69593805723891
-31.8510817983799
41.325808148556
-45.1860375703312
30.3701505754061
-13.0363559057188
-27.4669390215601
-29.8500307611759
38.3024945029667
8.85370479186751
60.8487843436625
91.6371608273627
41.0864941051553
19.7491174473712
58.2861142969859
-96.2699249918249
-53.7202047650219
-6.44119908632344
-54.2762769966576
98.4945247490993
52.114391952197
-8.81271136046655
60.5027366804119
31.7940134334555
23.6644536845228
-54.5731793080561
86.6391375567397
-80.6271834603835
20.2599895420935
66.4943706400091
2.6626933470454
55.6550207228165
-7.38482591353812
-70.2246792765792
-87.1634490794137
40.1206803528758
-82.6930330438765
33.2347036476866
-73.1070487724169
-47.7608011544086
-59.1372640965984
54.2720318999132
51.7068033179903
47.3524448767361
-95.2552835878709
7.11741308209601
-2.31502655674761
-94.1114796182358
94.5828057389364
27.7050813943261
54.2343945906748
7.25305872773465
-91.8169766702738
-85.3430049709198
80.474891172601
26.3865771808623
-8.83702165878834
-90.2762090088322
-3.25073038151119
34.0864234326683
46.1834852738114
18.014882032173
73.7942696369641
3.97709484276709
1.52292946146227
66.9647495633478
-35.5621618680254
19.4782446993508
-37.7588201797726
-59.924098761585
35.9901419810205
21.3797442885765
42.7947462891003
81.9716984041514
4.45956864259118
18.7768868313134
31.2299370812739
-70.3108386954169
86.2819645104324
-6.13949371709347
-13.946834195746
-5.91180062755382
16.3873636132619
-11.9674249518817
98.2550211041235
-64.693572936971
-58.6789434215011
-34.7854682150429
45.1051939223246
-59.4319941179049
-95.3523493136673
26.1524807968259
93.5474570090188
-73.4417222841148
-46.4384281805295
54.0958273410852
-0.0626580172890101
-16.8058468025072
-35.1096585716469
66.1232939856476
-30.4545663723117
-66.7140233016116
-58.5858831481152
-1.41017805367417
-34.8611270786033
54.2511326969535
45.2574718496119
-42.789936494939
20.677176203418
-17.5841636673651
-82.2149384618858
-61.7037415203124
-71.8619481149867
15.6087125563951
45.3298406737006
-1.24276588007265
-32.8010074217585
80.7261380447531
4.91672114807706
58.58062130966
78.748480274574
-75.5096721337849
-14.8081020659093
14.9599732391016
55.7993919342352
11.6087830401181
-98.7231918822399
-69.0714784922288
-91.7698325280059
-25.6827829919378
4.99488463104025
-10.8601449365941
-58.7654274947765
-71.4891791668517
31.1841183546051
89.0637285206573
-65.5902805760981
-16.1518502844375
16.7237206179153
-88.461611712412
-77.006129968452
60.4498023906371
-61.203075593832
-74.3198883115954
82.4624506035523
-50.6941863037381
76.5086142442211
-83.774646576817
-81.1110617655063
-70.3714392357868
44.6707244107173
-18.4098382721712
62.1046170181694
94.0737370842187
42.6289401630006
-86.8500677816133
-9.59410001318879
68.4396463875547
63.7836842410745
42.2284441104927
53.2872222490207
-23.4881147006628
-82.8738341180414
-65.6398616605273
-57.0037773436582
41.0227691657409
0.380810062487043
-94.8655753832194
66.8866950589847
-33.8322932939044
-9.84017234686149
-54.314285548859
86.4320877852486
-42.6099411953823
58.6922667972298
-95.3972219532383
-92.6325578126886
55.9118575158656
42.3570261360048
-4.28352227640825
-87.916433541927
5.31146521578816
-27.174429584928
86.4015016971596
-88.1296217972155
26.2105096624586
-80.6374296661063
-76.206779711355
20.0644907857277
91.8966797536208
-9.9946901790105
-8.92746503486634
-69.3416110069514
32.4046799379913
-34.3940031455877
-59.0578269042859
52.5016262669952
-14.5133579713067
14.6577867477734
-9.05355706152629
-3.58199595122602
55.5575249671463
-16.9620849930275
-2.90231951650439
-14.03911235718
-78.1198275521976
97.4739450533669
-78.9504955093871
91.4616959886447
-78.5946655954586
-83.1191384117936
-15.2702574977332
45.6869417786072
1.81238018274735
-42.1081503843574
73.6659934038061
61.5319234711768
43.162120793042
47.2628208729996
14.2644891380507
-49.7868780879006
76.7525561274069
4.67973095199648
84.6108478375762
-61.3829789156269
57.5478122404149
64.8227888927319
-59.7618471446376
99.742590830947
-10.9179338855424
-35.8839577698597
-21.698294310468
-50.1820709737808
42.5033429053327
33.0444582613098
15.2646644601082
-62.5527966754629
62.6460407122338
-30.7316768359649
16.7847853825217
-54.1615035578807
65.7747112427166
16.8987432142359
77.8806041796607
98.4975334617514
-34.5822274396879
92.1219542719159
68.2775987309512
-13.0313702686164
24.2379720815501
58.6687533937967
-22.3426468711822
-26.3047221870041
-52.8257387690914
13.0252518654313
57.3267897522592
-48.2560361364288
-58.1532682199877
-19.4891168818324
-27.8754046829386
-12.3571446770489
49.7913893242951
52.9004636461164
-71.0268481713588
3.06652669894254
11.583508329785
55.0936216649938
76.8257826150047
-13.3696863570608
28.0852967761617
88.5205483101811
48.9007018999336
83.6565471407126
16.4849755670667
-86.7323240336834
72.1231715829659
-51.1985173945685
-55.7814201142377
48.3121442142144
-62.8081684686089
-52.5843141613227
18.7417827515216
54.1455741790809
-45.2421009746085
73.8780958305659
-38.2038811615784
30.9509028600866
20.5178243956448
-29.2604686231817
8.11252500664928
-28.0386667371329
-30.4875943177631
-0.218436855651888
-91.0983514963898
-95.6929064415381
-52.7508908877159
-57.7097158357975
16.4945599146769
-90.9714613461854
0.0801217958163818
-14.5490759738882
-49.0091288993446
-11.069087203127
-72.7198685432852
-65.5281129741165
-25.6847657589076
88.0463179780759
43.3561311492626
-58.9862364129439
39.6282569267062
60.5099097287165
-96.7108575606959
55.1834878623907
95.7601664344626
50.8237414596257
49.5069288338391
74.6510615712282
-56.0509215430241
-22.8419217850441
15.38656102489
-77.046821082315
22.0585390587111
-11.8933143577535
1.1927964481757
-52.2993276730759
83.7881676303408
-69.5217978485564
47.6922411153557
-46.3017594393174
41.5713221129953
-61.6884656093037
-1.00337349206525
67.8636553886365
-70.5086842570115
-19.4787637549938
95.0919689216036
-61.5740221856701
-99.4958606780137
-63.4307645853203
60.3093772495064
65.1623429734538
71.7013166411558
-13.2437897134394
31.5931490316442
-24.0760040915103
86.2628019845478
40.6322367793525
53.4285390830742
-52.7717014497519
66.9015187803368
-11.90953513706
-47.7174001837362
-87.1999732080314
56.1623758488306
21.8684493518458
-14.0139837790647
85.943303072626
74.2672214814925
29.0629284548356
-98.531996729103
-77.0932201116866
-85.2624671602639
33.3001863673367
-69.2172514660104
-75.8178148200032
36.19382490947
-75.554722485817
28.6201394077722
89.7973641357207
-5.53210063998613
-76.7004347193933
37.2052332225
-37.8386909240666
-54.5213448756233
98.8265041227653
13.455852009672
29.6490474000582
-31.6561262132991
46.2941219694682
63.6665837546102
-99.3346656671273
54.7871709375251
49.611955146719
65.9026867767986
76.4588456044636
-41.4971349783576
15.2635216849559
83.9218935960047
-15.9188488828853
83.5233348329609
-5.93484948958135
-5.34330837682046
