8.77485793348818
-23.7408384488281
-63.0790307143246
-28.4094116136807
-85.0188593356954
11.3089536037338
-9.28887830971334
78.5974655548197
65.2307221476057
-19.4184914695193
-10.6058964161127
40.8078700478102
-70.5019836387608
48.6706943258936
-56.6549799542294
-73.1842399929069
31.1041636936528
-20.9261386233528
70.6499483280809
-42.9541170345184
-52.405263360702
-72.3735328506487
9.2748027958452
-48.0386441433628
98.4685531177071
-40.8484104942919
-68.1445745184691
-45.4649239799645
-64.5082948566004
-34.3843006210615
-34.58326783787
-44.1117305982161
-69.9439727692451
96.624466106119
76.5336549968023
41.2075281386665
74.8149903881448
-69.7803830177714
31.8010536430332
-18.9728732658433
56.8217342498092
-89.0381441806276
-43.5742676279621
60.3215129041914
40.6922710130205
-93.8629027156109
-30.5721884593494
22.747738213516
-39.1144540677433
35.5492348639676
-68.5921899581625
-39.6296518217046
-73.0102520664381
88.7921254242868
0.0164330694392589
-35.067117032906
-23.6397654233373
45.2922966960774
78.3976365949795
-37.4915520179381
-0.89473714831108
52.7904358512577
39.616290232841
25.9566087729899
-92.76985062471
-85.2429687936391
98.5916411344741
73.7752461504184
-47.5871474033788
-52.3078626638365
-5.62268646576528
45.4956798581519
-17.7196970470754
71.8133341586115
17.1617673286105
49.6514562072878
99.8272459572318
85.8837714163147
-77.3268275150231
59.3685329580605
52.0166606334
-36.7809590570946
54.519096799716
-21.7511784778032
39.7645510353838
5.1125773836028
70.95712291375
-88.0824855975436
83.5920191189996
-31.6496469202145
-60.1164096591586
-27.9276303594677
-30.5619324693559
7.45398424573787
-75.775326965926
-94.141865951488
71.8144196330578
-47.3639032758645
79.3710426612053
19.1246802833439
-78.1058115896241
-7.67363300608211
62.8472345080721
0.017756658383064
37.0036961957405
19.5417178487914
71.063486276653
92.2404768009877
5.59045537713683
35.273952905963
-28.0650540630237
48.3926185147507
-28.0565481172772
73.275714854584
25.1729165583052
-39.728933468283
-61.5312465034161
-32.7532790875349
-85.7763692038845
-77.7905865336342
74.3717365671079
-38.6608803414537
-10.2037752501045
85.2297146199911
-96.3366458457583
-87.8870551865292
-85.1555751139942
-51.9071828823096
40.1504455938677
79.1093580667337
-54.3000250445604
79.4071426651492
-50.0269281082156
38.2112118827553
57.8418548833029
-49.5340738656397
33.0343601136422
14.3467888035711
-40.1440372714629
19.5474918796927
3.88412875050454
-89.3369947974971
67.5617857542434
-1.99365820987208
21.5613651890234
13.8072851057408
52.1822155200099
7.59653260660258
-75.0714977946315
-57.1257071121992
6.97361660252074
50.1066418528434
58.988760655429
89.4737575636599
3.9679311978642
23.2025001724993
-81.0883940926636
44.888625917204
-71.2757563683213
-0.428915218009053
-18.0122019196968
-51.2496563860438
-32.686196500801
-21.2324609511008
-57.9389526640063
-23.8544413135426
93.6157452087545
81.0576044246677
-88.0538893491423
7.87053570600753
46.921397674506
62.6598966439659
85.0503677534333
-16.9946825148272
85.4861055215052
-69.4106395062028
-87.23830694325
35.1991605361314
-79.5677610843879
-82.9794116946928
-78.9753186336397
39.8085037011276
-90.0392661163713
-42.8327003914096
27.5337287768075
-71.9974339158582
10.8238446842044
44.0064667032928
27.2463256414332
-18.8711497859576
77.5670206744995
86.0834119184454
68.3995100930641
-82.6040084225858
-71.1612062764646
-29.994323798472
-46.7455124024618
-36.0152930564851
29.1807217951884
-8.75698130752332
-20.2966442047342
19.5377061723849
1.41618238016015
73.7180169471587
36.2904861535325
66.8480279451808
-80.4221973771483
-6.14915105075107
-21.4475805110259
-24.2973694148802
-15.3228283084777
-41.1166586113424
-40.6741499577286
-98.5448150936301
71.285317777997
93.0976749937932
-21.6664066343578
-65.7537292605638
-71.9194113783742
28.9256925461657
-65.1880235259774
-53.0367524123426
-91.5893376707065
-70.4345430221792
-95.3733845338892
-92.8670795594412
-49.2483518350928
-45.4267451055376
42.4324666731679
-42.163118368843
-5.7209643316129
45.7739608689458
-71.3664855303558
-89.4398157235157
56.4060934501784
7.14836539566129
14.9090822290116
39.1568005819385
29.2782194804356
-75.8695307960785
52.8774105605696
15.3699861436805
-16.1246569804173
-7.5782934448246
-89.9775565559958
14.5016085889345
-85.3914267107874
21.3473146304695
76.8441882880667
-13.6950885386102
78.5453663817103
-83.8142874993354
72.0352859920445
-46.4586072161307
-97.902705087572
-26.7600509783038
27.9160917476524
-0.113728641368937
-18.0381033186097
-0.97572673311268
54.3167245223854
68.9370885862685
-96.4692485120851
-5.0349384590416
-25.3944989691584
-34.5852184142102
49.0975816953545
-35.258794030129
7.95066261804082
60.4247732400269
-88.3713377184203
-11.5256687356224
82.4499165252587
66.077962877669
-23.993439158699
45.5881351425041
2.36780193930042
-19.3949362281363
38.556781770398
-18.4095008108033
56.6553128200154
43.6341145329793
43.0620989208369
50.1294893744613
-45.3518223306589
-25.3263440995
65.3381695002492
-65.5609215388046
-61.272350997273
-12.2761719736665
-48.4785945771371
-85.4318483021103
-40.417448221364
-98.2304716975873
-34.4364141048067
10.539621572542
-0.246352473678627
-7.3275687128134
38.9986895741997
11.8585533131931
-46.3930228303195
-90.4941666064983
80.4287305257387
-62.072767673254
44.36666765788
-74.9205095061436
46.133340842259
-25.6599303210495
-47.7261413633788
24.7501751181949
18.7044336617785
-71.2879657385003
-57.2418695270669
-78.4759768590597
-27.4778722246361
-75.7568382545795
-30.2935412068175
52.5731605923253
85.4567701570671
83.7261447636508
-49.369660921161
-51.0108739913132
31.1045487829449
7.00052317757989
79.1734679863945
20.3614371623698
78.6470824456465
79.0206782726933
-47.2792494140586
-94.3047314916726
-6.93960950980194
-99.0924397262412
-7.97477352290548
-12.0380509965041
48.6256447189813
-13.0881839253101
-28.2854602960671
16.7474687450045
18.4251297085781
-16.5378603710245
-26.8054206565164
39.0445070352537
-10.3130136426148
34.7147125702774
68.1436855611135
16.4655821021739
33.636489144592
38.1356694041366
-82.3291898177284
-98.3950308078693
97.6383627528184
8.15383926118709
8.61758158339508
51.1723415030252
1.03209512560778
-88.0052049839999
72.9348444285536
-67.2396173941515
79.3607604475783
17.7302119953358
31.0774736648793
-10.5446382372459
61.38898653424
-60.0854775782566
83.9051956033598
44.0957351082384
-25.478105311996
41.7925031810973
4.85125749960595
1.40839996901062
-66.5448817728518
-69.4251833741475
-94.5118032368511
20.1988406790732
52.3757131182907
-87.9837654347217
85.1384450880654
44.9935604400374
34.7325621950901
4.0187355615616
-10.4919947249134
-97.3357772085497
-80.8387562173824
94.0022659410906
4.88337183719123
-50.2116373835816
5.37542147332768
-11.5077615283297
67.896070280329
-39.7712678705774
5.56370511014809
85.7165339425484
-3.82842069729617
13.311377515482
-5.95552146282037
66.1456787970928
57.5700931954656
86.6426045899081
32.8498646104863
-44.3727765314999
72.8677277266263
34.7997430003177
29.4687003659733
75.0718658751862
-3.64103831773156
38.2254069856872
44.1982367510844
-49.9151307977962
51.9402703864097
63.7307193158662
-84.9264100852976
-7.80103581984154
7.89806109302549
-85.8200424509853
-3.41102567472032
-8.52380672077707
71.2744291033478
92.2615509620057
8.01813167715014
85.3778705342711
-2.32858953713732
-12.7957343852234
-12.8049015148395
-32.2953210845632
81.1330179760726
-40.6838130010184
-82.4986506328732
97.6229483252673
-88.3481416479302
-8.55513254103676
45.2715903670914
-5.65845967404157
80.5934207864996
85.3742934960742
-83.5582980355372
63.8228680750916
65.6268310775238
-13.0459925013542
51.9624194025797
-73.091998484782
97.4596660264799
31.2556940594356
-67.4657276365556
-49.1490145030999
54.6373967922983
-65.6363619315275
-73.5497528979779
-56.8293724554705
-53.2206404942766
91.3842924413068
-75.020583140661
65.5926628356304
31.6761218174181
54.2238835927221
4.23608914042954
-24.1432752027479
-6.51480633872877
35.5536019002474
91.8302591946101
27.4501151415323
-21.1082476017241
93.8741427629461
6.73008342689418
6.46457513926985
-73.892387353424
-28.1702994695579
-2.97761670361791
-9.99619228660646
-27.9773594693617
-31.0737593099019
-29.9082389262837
6.37296014160896
-83.9349998806957
49.9042625541491
-45.9189760240011
28.1720286800506
-37.4108951042505
-54.7869118071721
98.0078162124283
46.8069022621843
70.7984371377006
73.7543076571027
-80.3846097266267
79.9729275753533
16.0261403379171
61.0111301155833
56.1445076537076
-68.2900943099429
-13.4289057812282
67.8648978766665
37.6228049130186
21.800524972201
-23.6007343515392
-37.7286437102469
90.5892125496097
-84.1465074946701
-72.4393047241341
-54.5653520017609
-88.8750405639051
-72.3322763770856
61.831258723093
-51.2865818919465
-19.3657516896064
-6.22423667551581
-83.9934942061487
11.5474884233547
22.3700064513882
2.88971587471187
-45.4875615938954
-65.2781028440982
46.3729344552929
55.5335657561225
-52.234480380213
-18.3764559621802
-53.4797401994492
17.0231853527473
-13.0839569788138
86.4019886740081
-69.602494512922
-5.04587361317034
14.7217330280141
-44.7062432565523
-14.3054650590718
-21.0843885428962
11.1326097400636
-61.8430739953327
-94.4764265810853
-75.0793860222709
-25.3702320998608
-50.0542900228411
88.8681163689054
-54.9155746038255
-22.8101865074961
31.0944101517408
56.0828615665067
-99.4787064256289
4.87686938559482
9.72041429575508
-31.2599608252083
63.2756693326425
92.2007065332889
-82.3381701799274
20.5972368306824
14.0964619700016
52.3851417582817
44.8177396628033
33.9928023213201
-84.3091569726969
-49.4106820458476
-70.0480926746679
-94.449014898021
-78.3887382257608
23.5972459507164
-91.3567038596049
83.9493548908322
-0.33556957419583
-38.4258052272155
80.5316379558762
-22.2455353829437
65.2127222909
43.9844269702561
-32.4026777500926
-96.2081093647356
-22.0894663475696
-87.6011691479081
80.3692298400951
51.9586715345537
42.55631303677
-0.989267499044857
87.5319365932871
39.3982313848904
-76.5779937997089
-85.1744455724092
17.0010733515608
98.9497610644039
-85.7194696008802
47.5423637632647
91.6558508171135
65.3946122354368
48.710059509406
-22.6602897534974
-6.8554301987331
-69.7558899143675
52.5008364749055
-39.8169768667386
-71.4571279580364
-50.4524689561033
-17.4155817440725
-43.1798094480664
55.3289514527008
-7.51034573258025
32.1812345820531
94.7738791681574
51.5332152640997
63.7645895834274
-23.7596946593194
-36.1929554216814
87.9243459713202
-68.3148763023207
-36.5040466226023
73.7585309860049
45.2127393258661
-62.9715926411602
52.837057148162
-79.8910159626608
18.4424960208079
86.2437930555032
97.2395222663932
64.2894616805585
-28.916480338134
27.4534352865889
-57.3638470003098
38.1440341131214
-6.51246895634691
7.23766149988798
-21.1357219113634
14.1672180201034
19.2049189499854
-63.277709222404
-56.250666502799
-3.63001304975022
34.6862428740172
-29.7325428337113
23.7292060799118
-85.3947634614199
-21.8039434219769
-52.7042706966832
68.7194553869446
69.179125450158
71.3013074719356
-2.59369237985679
-60.2519368312005
-29.7292675678122
93.2611111634814
-34.9123472478906
76.6838021583522
38.4841904209468
98.460991459088
-82.5483208754912
-84.8060811133667
-5.0463444457037
45.4001943758507
49.2294143636982
2.87907162184335
68.1317497610464
-17.0177677649407
-86.9526576031824
-27.8300708582479
-11.5605653904829
69.869942001081
-43.340182148949
-98.0598961616949
-62.5653237019518
44.4234320430795
-60.2860756056488
76.6824253032781
-61.6007905874383
-90.8189343224336
96.575009551459
-95.7911760262183
27.4070259723267
-72.248648564944
-43.4345495274612
-51.5723513603219
-32.5238171646355
60.2732378038534
-73.5524723615955
-61.3020932716746
-16.4707520661006
-64.0762104170803
-45.3647974410707
-17.3073576884704
-36.038358823348
-76.702202628776
3.71463578702618
23.3446003723649
31.6799745606804
-40.5077895323337
-66.7701765401148
-99.4148856202982
31.7054673568744
50.5009864016156
68.4966509013145
-52.5741758029111
-20.2868609825072
-74.5291303924638
66.5623684409506
-46.8520154607341
57.0042707680072
71.0252068584293
96.3476327899655
70.4233552180092
-92.1282081972951
29.242066160156
-46.3347608753605
34.2457355436206
-59.9471110062323
31.8218704588116
92.5673534493313
91.120361567334
76.922428091017
96.7023178615028
5.09015042080858
24.5264282143597
19.2355351818339
63.33917786568
-10.6192786555784
-9.19605317522851
-55.0251923160566
-65.0671902940497
-45.5073313222322
49.0671053944588
-39.7518713055298
-90.109286502945
56.1822775860581
12.730969335965
91.8507211212816
36.3016364108517
56.0296009485528
-53.0603687826893
-11.862778389993
81.994437064931
85.9335758015347
35.3008634528069
47.9228399702498
-39.1111548055037
90.3216961223252
-5.40252363066706
5.85537616749052
9.40723142882773
-58.7610371569207
-25.6592873686805
76.1697604686774
-4.11176703423109
-23.6386602047534
-9.0045244163866
14.6147485200659
82.2419220101655
-81.7507494938444
43.9556171208296
23.5306627051362
-99.1355990021914
-15.6554436887619
76.9098860771475
-92.3054695637219
-44.9447986045409
-84.8636230922944
0.439419112374068
54.0359096861081
-14.1244690286552
65.100796906326
-77.9059289309287
-21.4043743012914
-56.4539094119102
-91.0963226590512
28.0158080437208
-44.0748076235294
-8.59352426162492
83.5929030263317
-56.8393235748344
-18.6578695112724
-76.4996654275113
-60.3367257592165
61.0818133406002
-31.5063454507876
-67.5668335930782
-30.5967284717456
97.3144349360374
-2.58525190959577
69.1014542687518
50.9502128670716
-80.2587663684969
-93.8212114215538
-87.9386483302858
-21.014225462155
77.9454026425072
-88.6465862361654
60.2380647060214
-58.3908969744441
-48.8380589295905
-80.9974173937441
76.6728009768357
-70.2248675161909
33.1695973675459
39.5726649120955
-32.7187460244851
-69.5734472093426
-69.980587005935
8.64864442297993
-30.8465215428613
6.91221915566665
-94.1474855828428
49.7597711483184
23.8552886841359
-42.794972868753
-44.6382658841328
94.9333181013694
-32.6361830466544
-85.1098025745439
-50.7526294305763
55.2349542948934
-99.0413073580394
-97.3241108008291
36.3103138669411
-5.85988529534171
-10.0650030496442
96.8791857520494
-41.6090401435513
26.2171437448506
-69.5766262559091
-22.925095556353
-36.7961458262492
-38.0357087458676
52.0519849693383
58.7965856868265
36.3842144055465
-77.3125909949881
94.5043287447771
88.1111979780197
-19.3821896565538
-27.3374646283061
4.18346188331004
28.2591821972161
97.3165074631082
-99.6789828480655
52.035510614646
19.7729532082465
-77.9481360058844
-87.3810193137415
92.9948137573535
14.3683308458481
37.9350236707525
22.5699083243853
-96.6778377964721
54.0275662760532
96.3554274689068
18.3524654728582
-10.5729753462008
-8.86620987426477
32.9160204998672
-60.2060460342943
97.1076642151669
7.00481232771114
92.0525823834972
-71.2356688642164
-63.7689451455011
-72.7936010200579
-22.022211008666
53.9631453058304
22.7319966535172
93.8502768691851
85.5981038940132
-9.36591826906282
-66.9987691228845
73.7906409850788
48.2683384861869
-16.8783714023434
-37.2609059185871
-37.6214830815517
-33.1381981974011
87.4581045859284
16.685805346529
-74.3138039881872
27.1705854189247
-88.7221974853129
40.8231418262883
-59.1128716232632
84.7632465380419
53.417253563701
-2.48722153879865
-49.2052186769269
-53.7925638621891
91.1449360900262
99.3922270213125
89.7459410803594
92.357715430433
24.1312556781141
-54.4705927265005
39.2437214768527
-78.3729662293838
-22.882201731071
68.1789256709094
91.7005430663563
9.95309320519159
-20.192990329008
-1.28977952690815
21.5404789084466
-61.4172838188787
3.66158057185928
-97.9991269055496
55.650498938009
-92.340868162277
-3.98322116345936
-0.429407135302483
94.8967174044537
-56.5153292870268
-96.7576909403512
-91.0297293740083
-26.0272252096747
-34.8904790120695
64.0067691230775
-77.2511671632637
77.9822071239671
8.49917083986085
-68.2644428846498
51.3804587745896
83.2216458885352
67.7870065832412
-46.743814126846
-4.95212086824871
64.2574627924471
-82.6978925802318
57.9557561061741
58.7041206695358
14.57284965196
21.8514580701294
-53.5240650147381
57.3631881091288
45.0305329437098
-6.53366315211686
-73.9211423216978
5.47693498752433
-45.7679367783378
-83.2691769162032
