-24.8189473093524
43.3728905234036
-22.3198004649339
99.5350110983322
-76.9595327904755
10.2258355554566
13.1526460497321
-89.8073692425376
54.7404624648621
39.4436914104172
89.3006701266742
-80.5888274768092
83.3031618617808
-12.4440737011097
-66.285116706292
76.6839519627445
23.1179531495315
-60.4882924377754
-98.7971579891644
-50.9372138634385
-25.5898992967239
59.8122016986826
-2.39063586982366
96.3873004725649
49.0046204175791
13.9419729481273
-14.0533384398578
-63.4318530906705
56.3770013432744
-12.6451301201803
45.0236898132034
-39.3551218562963
-4.67913013262925
-50.1747006814848
-93.7105215700225
-13.2989756594742
45.9098164958413
-92.3475774239281
-41.1666588055148
95.0710385129048
-19.2006070657937
4.89168715227698
-92.5581948960699
93.9645271244011
-48.6156499691761
17.1798304288241
45.3614745205978
67.6841694020515
98.6938030634595
-76.5279688607453
34.7789920372772
37.8037407440121
57.8235046498672
-11.0581262238866
84.3647145542398
-61.9761945562129
64.6528074789544
-68.125930653717
6.4000359255522
20.291749756178
-5.01115804488492
-12.2653089053069
54.0064554824029
-54.8020748574308
53.0241534251938
-27.9264835775804
-54.0627106961763
31.0376800420795
36.9203194395518
26.2780191593211
9.32908750982281
90.8768408593452
1.13532340834269
-2.77474579722416
47.0792825341596
-7.26429026460497
87.5373510429306
14.2974822386638
-29.5885326268616
-4.20017009997854
-29.9871476058907
-7.10720698895553
-41.5498882702476
61.7979209703296
-26.1819809749166
80.1534719761538
97.1972611337065
2.41162602794551
-86.9660007653883
76.1935597805477
18.3697035979831
-89.4072554576749
89.3237535015078
-16.7609479180451
-62.2012022255563
-18.7944470240729
12.3259637149868
54.0112676903133
41.2658965615313
16.9833944453573
56.0584145451512
-72.6632630215508
-51.5468428470038
59.0039099446988
24.2138012310135
29.5165474537869
-53.9333780286668
-14.6963273543526
17.3598190294765
-21.160602657433
7.53318612304154
-70.3102702755235
-54.2099211136937
-29.1371416184909
14.9537302549777
23.5479650484452
73.6101842943173
11.789371242883
-6.33395888477932
32.5593775471718
78.2386772765703
-58.477823546592
-2.01763404007369
-79.4422184138647
-32.2451813881289
34.7608494715263
-15.5195452637084
-5.86734459360265
80.8778845855362
-66.3925115577674
-37.5414753240731
-87.7886816961876
37.7031600047494
74.2117374604072
87.4481273874368
38.3811087732258
-71.2590582223552
-87.3885390430019
79.8441699477512
-66.6785737402944
74.9341865610432
0.6754930479401
63.0084422069901
75.7572118542747
-10.1872235769967
-43.0110379454819
22.5608324037853
22.5160195024056
-42.842116108651
-66.3737935486787
-4.82944230614652
-66.1175822913598
-45.2960555331917
-98.9058155962663
-94.8633342165578
-82.3183884543953
-14.1635854502781
64.1620016759446
-11.9120545251094
67.88393292693
20.9608474143441
-64.5275609958585
-5.54898823530188
-72.0083872065615
-42.5224406127094
-4.55505319394281
69.7688528119873
-1.48332459013457
85.1410352461912
-2.95822559390521
-25.5590897097809
52.7606465741073
78.2916982237696
8.74026038787998
-16.0332838328423
-19.5785117930941
-61.8190843711407
-72.1875829763428
-0.908520882945113
-41.7528375579722
-93.3646029288702
84.9993871747231
52.9230773139462
48.4901470045742
-44.716127282087
-57.4580655178149
-65.8088720063823
-56.8401515113547
35.0944843627986
-38.0551664538682
87.16540276898
84.5626842108398
-51.5397023567372
-53.3543414245504
4.57421004607951
-22.1614643795874
33.3302760936226
-42.9011537241337
-9.11971330508035
-23.3901041717536
12.8018522052214
83.6474468409796
-67.8430697538489
5.379329826898
-6.76679809097942
-5.17388961678106
48.5963781787381
1.13459995659002
20.6097606035395
82.3995659797217
-20.1746524617055
-54.253195417683
97.6468478747794
-72.583249948119
-25.2844235416676
67.6675983168448
-80.232555925763
-80.6053351986138
51.9655267470202
-80.3944481334089
-40.7295905065657
-99.3880365732466
-32.9240380010149
-91.0531721011355
-18.0393474773086
83.8894948970875
-24.0035297661237
-90.6698333824348
-88.8681881245619
9.72199506797196
-37.9989882724773
8.29298089266659
14.7986484269335
-90.8428732845545
15.0082887174731
46.488682945914
-29.1909598189172
-45.5843112072837
6.98222784837947
-9.01526277002086
66.4478429824176
20.1344642298792
6.61302561745668
-37.5009686084382
12.1164072451613
78.8143055435957
-77.0473784639162
-62.7314748016592
57.5591242242827
8.88253434780012
92.8670602610509
-84.3707702132418
-50.9018972319048
2.17997967518739
91.442402478165
-17.8539133031235
-3.77139349886347
-92.4161748583601
6.27965775025773
53.5114595609667
-45.5712366637172
88.4597361263592
-47.2037905434507
7.11334887032432
-20.6460235310535
4.89237521466158
9.50890760094701
60.3279563188351
-64.5390968915206
-79.8826258217371
43.079257871668
61.4904097149774
27.2088626528596
12.8214371639999
-40.598872781898
-74.7362408966003
45.2979102468113
57.2851981705928
57.9021965742674
19.1099484824132
-84.2609065505027
68.9803201081554
64.3224380676528
-58.4896889282494
13.2862506467335
-5.02546708346705
-92.8187143306061
-22.2395101066025
22.2816607564112
-46.3075661338809
31.6708017414741
-13.8355403763058
0.205989423663475
-38.8763836754559
-95.7541446277409
-58.7989918518002
-60.9617604238682
-49.9055703188347
-72.1517180696123
43.5235367810709
95.5663823399075
-34.9410046168209
77.9283463126422
-71.2030722680325
55.4206824350878
-62.724949747816
20.8062688278184
-31.469930763243
59.1353474788345
-4.70176441490323
-1.56973622357229
-16.5277887562763
-25.5323793079579
-77.2348108400654
-11.8730597590386
98.3472808250636
69.0693019077821
1.20998739863057
-24.6595627536944
-99.5512051262503
96.8714197149156
-32.3790334520024
-28.8113974048361
-97.1649769375103
-21.6208830819567
54.6125261692135
25.3131359222371
-36.4565320322232
1.81250242321116
15.3416959703082
-18.8811666157884
-63.3341262952006
63.4306751171988
94.3658449728867
36.0205522200513
-85.9176256709235
-38.1599380062618
-40.5764484742982
9.98413387035546
-17.5164714502911
28.2349606451472
73.112458564867
44.4116356352643
15.069708120743
-1.08278303970729
89.9756580009397
-29.7628032931193
61.1949728332852
-46.0869097609157
32.3893950717555
60.4128725438864
-11.2236673644553
43.6479262566182
43.5037231583874
52.4651410348346
-49.9785737015693
58.9040016360419
-94.9615011692377
22.890588310748
64.1150735547708
-8.33747475157494
31.0337319547132
-86.4360897784764
-45.9852684970061
-25.9850549732689
43.3569840812458
-7.41555391301926
-2.42467377792376
-55.2337233291452
0.239994922738203
38.4038722336563
29.177690044037
-60.0963058908354
34.2956858188809
44.8837985651076
-96.3625462435508
-99.2921586341296
26.291595095161
-7.00176757548725
98.4340883194971
14.4776779480967
-49.2339535542948
-36.0483706157007
10.5240019073392
-25.4446397915958
-33.0026281896814
-16.9048244918628
-45.7013363939312
-98.2244994600204
-51.3362742877419
22.6255368181805
-35.5605768991837
1.38796773833796
23.5442390769382
-19.8926948806784
32.9580128267205
0.6716796953617
62.6345368662299
-69.0180268331587
44.5513255573223
54.4563823829287
30.1544087321145
-19.0259313246845
-26.8359049483796
-88.2484050428387
-58.541084917852
46.456437801747
-98.8297170734149
-37.3729344094362
-1.63319392513483
18.9620787358048
45.0685473850668
-19.1500787465872
-93.2011829414616
-25.0029700116323
-32.414934057337
86.0861789035321
-42.805038397829
-15.4511920457554
87.810533429229
59.766552037556
-35.3716116444223
50.3478143934411
-41.0941810927872
1.56257903668183
31.4516486634904
88.4176060133193
-26.9468837168441
96.151705359456
65.0514452395198
-52.0121853090026
-35.7736171925935
91.1473091337742
44.7452076268283
72.655642466329
3.78761079684366
-13.7611503020549
87.9922855083227
48.702929768637
43.8100149186127
91.6862519783986
8.08312984602232
-43.9571050696074
24.5408355414574
33.504306153177
68.3473412534753
-54.1101187396502
-49.9366042262365
-46.242632144905
-80.3839744570576
-14.5887085686102
30.9527351714704
-12.0105804891433
80.1138233672115
51.6896655528318
-11.3090946361792
-25.4607091145602
-81.6222259750245
33.6955260940667
-93.6037146712395
-4.4611892592692
-99.201819150796
61.7801353863863
74.0253397325253
-33.0542114121466
-89.4351276412622
54.3399382639552
56.5666076109091
32.8129320610916
86.2593400957439
23.9700740546106
-63.8749255763823
5.24153996599971
63.8949452804179
-56.5381918303728
71.3345228085889
-65.2997788534381
-26.9340319812166
86.946391661501
56.4958325947302
18.6172761890722
50.6588047146675
-25.7383569770502
17.8696892548946
-1.66743879222011
16.8885581231981
43.4634669896577
72.9443519928139
-59.9069415005748
-90.5277334008591
-38.4636793276628
15.4978535469565
16.6850477408702
8.15616920198999
-3.91784272165169
-2.50515773532093
20.4575754548694
60.6971163111133
-60.1381553384172
49.4930617587437
-18.5144147723997
-36.2518955175481
44.7771196929999
-60.3677009323464
-59.8817940410998
-99.0325954925919
-47.5116290165997
-61.4717071272709
90.5917800663525
80.8111520763268
14.8631634059343
-96.3951968226368
-39.7622281715433
-88.3775240744004
32.0878268770957
-47.2301389494968
-63.6450091881021
-1.89214718037606
-85.8415441021549
-3.1978870044389
-7.35666956690218
36.5135338089658
11.7676668987477
-27.6590539797279
-75.4176054406896
16.0615750684102
-84.4479931993639
-53.4682632122674
-85.6278417363361
34.7133123098612
-31.214925728316
-74.0931380457455
28.618256631535
-78.5848431716828
30.9732940824056
19.8802007272887
22.3574102931497
48.2737921521777
-30.1472439932471
86.4450929898581
64.0183487898854
29.2087763154907
-49.7502810220826
-53.8980119700803
7.71579589665458
36.2336134333107
-91.7999509584216
-95.919869823246
-37.9388446779402
-40.8532899908485
27.6326336924651
99.2895303104381
70.8243625450374
0.823359994328808
0.416140099860738
-20.6932567766056
-70.2337509226428
-4.30524062226712
12.4419527792605
34.344271520501
-3.28631450293434
-11.0559032050311
0.317313500005168
84.2136029282614
12.9273597494666
-60.9842751505262
-41.5783782279307
-43.6010992412768
-86.792254780062
-83.4473137196432
-56.4486373745876
-22.1912499413751
16.4585314450506
99.7938978566943
63.1666861143289
-50.8346284435569
-89.1993373478704
-7.19682231598731
77.6568838962227
11.7652114493803
45.743054402777
72.0512436959106
-37.472772960837
-56.0341575229009
53.1670362973888
87.2759850825565
67.9541949444075
-5.84312696510813
-69.3401988720746
-15.8280423590686
53.2244547017836
47.1025025164618
52.6408887830676
15.6660316327936
-56.7593408089736
20.0357451065897
31.3104050994353
-98.0827376832213
-86.7155462100327
-45.0815388983131
11.9942990157855
98.2081674911818
-70.9910059369178
-13.6086302773835
-74.228489988878
17.2834967248497
-78.3041786447421
64.4608920841014
-62.3422779709045
95.4104375737084
-40.5869751714317
69.2712984086466
7.93558976524365
-79.539139315582
50.030823465583
99.2182771470968
-85.8860396478217
39.3087593662665
-36.3654036623197
-15.2689654994046
18.2243884863911
33.1118056315392
58.7862870429307
43.0873371025768
-52.7325628008411
-10.8148764749173
-43.250238564083
-40.0230361452651
-50.7823488188151
60.4766573025026
-68.7101090529264
-24.4525268181829
85.3455748093667
96.513493036492
60.3929719385549
-66.159332202004
48.1253752854187
87.7004336167332
-3.62364115160268
89.2492285359648
64.9533457876984
35.9546371094121
40.9047789226215
96.2740664818024
-10.8776445472007
-0.555818319934439
17.9646085495551
-89.0285386584021
-81.9766725603739
-18.9763164066516
-47.5568609505623
14.7038733381958
-17.1487003739843
4.68167498146774
-52.8683121153217
15.2148687186683
76.4148566758432
0.937210567791361
-92.8597990323137
58.204884431155
62.3316948792889
78.0654272455343
27.8923030102734
-76.2037334094037
-63.9523175533271
-34.6215494202757
32.1375926167913
57.9533904034653
41.8476238919394
40.3200139348695
-95.6021325657247
-79.5139693516524
69.9293268138866
22.5212429698082
-3.09148155885698
12.3149015133244
5.18773557478683
36.6980578482874
-61.1421452981339
95.0888436505929
-19.7593840847638
-13.1687327248311
52.2315599736157
83.7517669494647
71.5612727767588
-91.8709995064637
-55.7999044171831
15.3794342666257
-4.98138410238378
20.1880617436857
56.7926134221867
-40.6360480287741
32.0250256105028
-46.3793119910931
-55.0337400257431
63.7674028792513
-5.94810612130677
-71.0328767855266
-11.7470661815219
-70.9791025975888
-1.68332369934906
-55.1905266052746
40.6173815748583
-40.178874753461
-26.9933366259394
-55.466841130321
12.45348807865
6.79341896239516
57.5034348067557
-97.9158196984653
95.1927927018889
46.1390475008491
90.6058546107074
16.7365407236124
-29.3140537504307
32.3326729939714
39.4200070642489
2.68236236355765
-4.71515735120745
-3.56904369698803
48.4077072651261
-82.1621910893605
59.2514001064286
13.2416528515411
-10.5656473966794
27.4718153477343
69.9155759956737
-11.870236260899
-0.426008340756189
91.1380523538049
-68.9706488588882
87.4245989833395
-23.6748993197023
30.3882775931311
-26.4553653432956
33.0189099116907
49.2320599985665
-52.558682782438
-26.8426951218569
-31.2612710185379
28.693509965221
39.3487282750213
63.8542591077721
94.9270324013231
-20.1919961726041
-94.7063782767039
21.3553449449586
11.3523195292862
-8.25020501932703
-55.5780447797326
-11.2893201391321
40.0069840371569
-43.3380033787937
35.6355001293575
-85.8801891934341
-27.7468492372791
63.4385622397264
85.9765476826898
55.7410469125586
-43.2612963378567
70.2758260484932
6.41971436154821
-93.3420567821105
-63.8275365320117
78.5281691290416
-51.3722076798177
-71.4850321296064
-73.3201148143196
-87.0478184632449
-49.8004193562149
73.6424824127421
-30.0979733164897
31.5643052634521
97.1826552200853
-91.2464520546549
3.38637204235004
16.2773871079638
-18.7463541577016
79.2363810401171
-88.5445218909044
0.392523695666197
45.6713198042263
-70.2893626841612
-3.14515515052037
-64.2830894456912
61.1876789707834
40.6794273236294
54.7553595906219
16.1309490441979
28.1288829130487
-0.0747818929639987
56.0345975574021
-94.3895431740403
-44.1752685520092
27.2733089224046
20.8634867888668
-70.194877233854
-29.8942885165332
27.7587855504926
-81.3717339568462
-21.3634157416132
-60.7906548604496
-24.5483780613243
-98.1775171407613
90.5118585754637
0.854954401803678
24.6462781130882
80.4589168802923
-53.3509168073747
-68.5562153115744
9.24688948969414
-69.3433956061276
-46.3770262542412
-22.6083080480092
6.65125184913574
83.1720321833543
13.6990729126875
-86.4279130614354
-60.8530987561657
-44.9419024251686
-73.4035487025576
5.04960594436653
34.5894245355107
58.0979863590672
63.9839432965433
-36.3277964243483
-8.60559793972087
79.8575293634776
59.1384276347004
-32.732117587322
-17.7577551613604
-53.5510487390636
82.0570444278927
43.8667083098422
-44.3039341922813
-36.5242325152926
35.6507637045085
46.2437306543896
-15.3774907688537
-77.2732589127506
52.0124647259517
54.9845434728703
-44.0210836778101
22.5176549109369
29.1612394587916
-92.2826283921621
-47.3828518240669
-70.6095015741926
18.0604400277125
9.57190540154872
9.73108201554859
92.2712478430427
2.32153214099385
37.0292540409707
-69.4819433270996
-14.5196200702957
-95.8033476335662
-45.866748747671
31.4186946417077
77.8819756583926
-36.0341807374837
77.6986448581824
60.0430811825645
57.1915135612686
-19.5345099327676
86.1030610432562
36.7471604272706
5.72384512725197
-53.4733875969705
-69.242025450503
96.4053508112633
-8.16161363952
-88.9992910514321
66.904648525841
-18.3215144621056
30.7191442500171
-63.5549333091739
7.11080813761116
70.9282159454202
-40.2229598514619
-35.6335907126872
-31.0481516116993
-2.95124306805478
-56.5765724150047
-24.8496467351974
73.6795596519445
-21.0653657186506
-87.2850516553703
-22.7353208487951
-94.5974118087618
76.3484150572061
32.4713385672129
-38.8834374936517
94.4183127750446
75.1840804780334
47.4189311628726
-71.9728116077042
83.1631021319752
-44.68750360931
-75.4534825284324
-2.03325043327631
61.8934967637555
22.9120091387872
-9.72705000460196
-75.0000082941725
