-22.8689926163482
-77.274425148963
-43.6207383970636
-8.11120866111524
0.591130996089944
-68.4364496608189
77.6454441693531
76.695659703123
-41.5555909994264
-74.4250207543343
76.7207572219459
-97.4435479509933
66.6916290738584
46.3849618319669
-52.5100231421048
-14.4166584747126
94.7993345556975
41.2822654138107
-46.0283951058589
-15.71078797164
-36.7865375150777
-90.2155305865984
76.8723684268651
-0.374638805964537
87.3982110170683
-73.0505347670967
55.0479483615537
-84.9987345902516
79.3689345221671
-3.87825747289523
29.9762079848624
-32.6278638396633
-71.1034294408458
-4.97738803119387
45.28544557277
73.9575391044518
-41.0636593744943
-46.3581186642024
19.1676432944049
-34.228250293921
-92.9353831121651
-13.6518327579158
-1.93175019180674
15.5663846222484
-23.0877951690025
-98.6144507305775
71.6207956126428
-14.3669586409442
-46.3625030703373
29.3505464963402
45.5535896638335
65.7743871493261
84.6520123275998
-29.9877743914782
-26.2329087319923
92.5388412830751
-98.1126129454786
-54.6455929761236
-67.9456194479111
-39.4577458254822
-85.0837306849945
47.4060715124602
2.73188489551647
-17.5363636940865
-11.8786620015212
-25.9398673956663
58.5153499598567
36.6292524639434
77.847579047418
37.9181898121012
86.438846972539
68.6729260447936
-84.7175071568554
-11.5968925463434
-39.7066616516437
-84.9479848872457
74.3315695728267
27.2465592991195
48.9610549056185
82.0244152804878
-7.46080087494214
-29.0532177574803
41.0686655515854
1.62340348696353
28.8751741612508
-91.9351619676234
-81.4937482400253
-92.4728397374858
86.4228996608498
4.75428327508321
-20.4027938655583
-36.5855488086357
51.1806963737864
26.009055152861
-67.3699033269865
-83.9967363782972
-74.7419880811498
-7.39455260915419
-46.6804631700508
73.8216436523288
-14.315518896743
41.5681182167927
-29.0360204769015
7.36508553725699
-83.932178831236
85.749448737039
-30.4151886431788
24.7730540941108
20.9679602974536
58.4854188310857
28.9343898077225
-93.4864697871154
-17.6564579919779
87.3752019210552
-22.6713753756681
-87.0883518359353
-86.0613476731369
-29.9679110849498
70.7931759185323
23.2329739044323
-96.2196950458294
-25.9366066365964
-31.9871934476144
77.0441321417311
-87.9381391795907
-68.5810693251795
-37.2521549328214
89.3538349227921
-7.10206275758627
19.011738494993
69.7633632733547
90.728326437694
-26.1158343463713
-83.5053403485755
49.171469175363
-29.6792394790814
37.9672815404368
24.6348559246174
-34.9757221972625
-53.0138004635886
31.3167135719957
84.9373358936437
64.0872824396404
34.3252384440015
-91.9952567104145
-36.3868335427858
39.816527592274
-53.0098380089408
-52.0988608038413
-64.0149392605514
-26.932323403147
-69.6297460657581
77.1071506816687
-17.4679465137738
-57.8980150546863
-54.7138028935744
-65.5682132618687
-0.419538935628154
-89.7288400596325
17.4008698675789
-89.3531889056814
-35.8956822949024
-68.6905383478982
56.6973572857118
-75.0338230000209
15.873071248152
-90.447480933923
-7.00799765100714
99.0408109288149
-48.1960476864974
-10.1760452488981
25.8641470234239
11.3246216414082
4.23035090980073
1.9461111300936
-30.3067877362196
91.874314189864
47.3934712604498
39.7545254135886
43.2277851005565
-72.3491609502533
-59.8943818104717
-56.054068513587
80.7942521547233
-46.9895840719105
7.55692009640423
15.7953668696091
-49.1715857974213
-45.6274791044198
-47.537215117959
-2.84955052771222
-23.3479156384367
-74.6515164612324
-62.0796325938439
35.4926574172398
-58.677911339547
-98.1672802703059
-64.7838797739936
-54.3557762852156
10.9741802098016
58.1995142005663
46.186327649458
94.0163230618109
62.4865145920263
11.7140008110365
-15.9910730260117
-16.3727881577496
15.4394578969403
97.1693881459831
-95.0779964573573
-10.3035681906261
-70.6028389661302
-5.58666380584066
78.7732107143703
-45.0913972340629
-61.0513353042271
-63.6507723617288
40.0251955448117
18.8859156244958
13.7980033183309
25.6966848288485
-84.919554042768
-59.6946527986306
-59.0461972297724
-74.0161826786756
-27.4091866594816
50.5533009997185
-4.9992100978809
91.97346500743
-69.5976092635148
-7.60110674710222
-79.8017167199333
-36.3896402835989
2.20694280333169
-20.6640939665111
-31.4978261268125
-57.9681470611832
18.892229371117
71.5055458667888
6.07842310979989
-91.9569691067747
54.3921416633916
-62.9756376716534
97.179764789689
-33.4323732726268
79.0657938328043
17.8323800775627
93.4899390082725
-94.3457219797598
79.7639662741749
-46.8211464986154
81.7378579014111
65.3993341843015
-90.8690806142435
38.8342570969684
-49.3225636032187
-71.3904166487819
-43.0593498415537
-16.1771158858866
-40.9620524285749
-29.9401967258831
-4.74536618367057
40.135035744548
58.2877705342341
83.9646769868419
70.3393782725461
28.0932984386701
-54.08923626981
-37.4243241874897
-66.5757120201504
52.1972138291011
-93.1872177733846
-32.3211223477927
71.0886243160261
-72.8282127532004
21.030489904894
59.412446758602
-84.7623894417388
-57.960027514028
54.1117822256587
-49.2509183131147
-5.98317152066832
-8.53358760761674
73.1788526571841
-92.7340687672717
-17.3471296854272
30.22880348553
-21.1620355930596
-37.4402740617535
-74.6546436663136
-26.5502997762069
89.6492039968584
79.7159703342037
-29.9776834275403
-77.0610230258838
-33.832461051525
71.7458852931472
30.4557005108693
25.9662895519505
27.0363700419268
63.575389498047
87.9030132642521
3.78614327176565
87.8259371567966
80.7445944938565
-72.7906285942643
63.3359814407829
73.3929761928299
56.6890039280995
61.3208093269535
53.5006257168749
43.1438685328946
-76.4300520692114
-68.6939167608196
-9.4559363558942
-38.3359095801779
48.5590338139485
80.2086205061397
2.49571274248299
-96.2450405500659
-59.1603477775666
-29.0811605133022
29.4917967054297
-92.6436231505429
-69.0540007181953
-46.5089016969893
46.5951300527033
22.2834372045358
96.8051204168139
80.2462425193442
36.0654729617697
-61.212260859157
82.1153509528324
79.5964760352705
69.1823534082214
94.4865492348302
61.7915102765961
76.2432905864873
53.4475704878598
91.2481181341121
64.7621009430749
-22.3835499328672
-58.8837849779201
84.7325985946375
-74.3624988670137
-60.2098052494497
42.099244898642
-22.6717672155054
-56.9868312878499
-85.8079548040816
86.6403034024833
35.4859476885386
-75.8481441138265
66.0490502445404
-24.0078119883113
22.9806951116842
-5.70159009237328
-37.4869169503977
-11.7987303529312
-26.1329827910466
-29.320638736814
62.0967246224588
-56.6929844088895
-85.5896758654105
64.2799554694365
-50.5376217816491
-18.5196048639074
-58.7256435429283
51.5892800574451
-68.1420728362083
34.4315123961009
-63.3601635694081
-76.5055464871269
55.9166017988278
77.3288069450721
70.5981660084709
-26.1567022503602
27.3257088596257
77.8637205106376
-53.9522133118951
23.4808579025082
93.1622238491744
22.6537487813256
37.4693630449433
30.5589597759304
66.8275698301692
-33.6772490400965
3.03645933603785
28.0378057201914
-2.71472178799651
13.7447577431275
88.7620719929052
44.8548305500035
22.0322092034034
20.2162765683478
74.8225405196327
-27.9838254641768
53.2607639990553
-67.185776349394
73.8098731176024
43.3808350271256
88.4533729868138
54.9198042462625
-58.5177224689911
-67.0959256858963
64.4044805540557
28.9030581891012
-93.7820965364012
-8.88240960147799
-95.5335669356326
-38.4744970479478
99.4244048146773
-37.9360994865218
-1.4253854505405
-83.4642522821912
-40.4923766728688
93.0320284951633
-59.3315356418854
84.9486860405982
-35.9530714532726
8.52123965386176
-9.09072377323949
-6.3287149223324
65.3483448076661
-28.4858645946146
-96.7401986669324
72.1646565408705
-25.7581563119206
-84.6562231528874
36.4961476305589
98.4634105038999
-62.5826933388708
36.9440596764725
42.991466922792
-33.9292305258705
-50.9670575390716
-37.4073542769211
96.2979358348278
15.4362585569926
-96.7989935435234
78.5197058120745
-37.3022336550637
-49.0365971020195
-24.211314218916
65.8074644556796
16.6906486017364
-83.3026502368295
-47.4410724553906
5.14795007046671
-50.301119371477
23.0913470136368
98.9730502598241
46.9286477132144
52.6967232123165
-72.9737881397005
-47.5076161973894
-51.6339927706651
-55.3314434593274
42.889191043629
-20.6725188082001
-68.5184931142484
45.733872671473
19.684477188567
-42.7694806652655
-57.5546348380554
-14.8045338463224
-71.7219366275207
39.318592663465
51.0367987301532
60.9507980911374
84.7671389112772
95.8465068935768
-4.10906147414416
8.2144443113269
-60.756992922629
-40.0864231464886
-77.1642852067926
71.5001829009148
41.3168065230902
32.4015267003752
64.3696196348303
-15.0664505757318
-64.1763326042552
-11.813392022026
-78.3362955434578
59.8289039243118
87.8236622829587
-73.8291343719341
-18.0478746955104
24.0919201186547
-55.5785252609492
61.3173082404511
-23.11594603583
-20.6244647673279
32.654049630686
89.7353596263039
-32.4358993181685
-83.1249865603009
-68.9792313433506
92.3558049853439
39.841115337475
90.5097170509472
40.8779250250658
-39.1661062111735
76.119090970024
46.1065721718592
4.44324490285139
96.3228818946688
88.4146773480809
95.4452655182017
83.2260800129094
63.1537855539029
-53.7643792207724
78.7345305536973
53.2564533965945
-81.2588780186744
96.1042589756266
73.1811422740683
-63.5394547841458
25.8379643573126
79.0869563179724
-33.2241716562159
58.5345269472431
-41.5101417720257
-80.9282613103619
73.2577270826191
65.6947955044733
-44.2884121616559
-9.29796905091588
54.1012538400492
89.1222430279558
96.6866588182041
64.2186679444143
43.8024154672237
-92.5136479300969
-0.602039115644345
-82.6224932119851
-92.2103140604109
43.175988114663
-52.5929594219519
-19.3358130132116
-77.0117161013392
51.4642300369279
62.3200636536097
-67.1381651886207
-15.2431986300442
9.57902146234262
65.7182335139194
20.406592888495
-75.3229492592627
63.0361623675025
-83.9565035921359
11.2585273726543
-29.4507655810896
-7.0967007940023
53.6187633834182
-20.4334880627815
75.4241017126522
20.9512783186705
39.1571552707259
-85.5330410851091
-92.5051762519907
-59.1715375733227
39.0609393246427
66.860917750139
-17.9282548228955
-54.197879408401
-59.5997231263447
-32.6091144847769
9.76926646545478
50.6582263156852
26.3859019437279
32.0450963473433
88.4035846057432
-23.8880998860581
-40.2082132360414
60.9139498620898
85.3873484770056
-73.9625180785922
-43.1376398193537
71.7516643904589
95.0760194396891
-26.3667178323328
-27.1831023121479
-64.757048354532
17.5691069613934
-45.2815098048372
-38.7321764530366
-17.7376225567944
19.5400236574439
-66.6796511806808
46.0622739327263
31.7249092987499
-26.8980880227497
-12.0850651871357
80.9776770850925
-67.3932117493506
24.0947180749589
59.8531267758918
80.7166048262413
85.4720406314958
-37.7545791980545
80.6733932654395
-13.9987736671888
17.3747701955188
-37.0978035653629
86.5035468150439
-88.7949907033676
89.7580386743039
-4.11921453267793
-3.18238319410101
-40.0567955066339
-69.4220770653683
14.877675669615
84.9239855378153
15.1691707770137
94.8966305224576
-57.1342877391661
4.6131765740494
55.3143446830166
-75.0417027385379
-77.9128854430394
-49.1900261230257
-60.3927905107872
-10.4746836745561
-54.3202490837051
-89.0991075923012
22.0330685296167
84.1888967619697
-32.1237791766914
39.0462697370841
46.4815641277691
37.9509599481842
-34.6100594073439
-12.87575686957
72.8635271152756
-93.1691901088066
18.2874895402816
51.0285213750641
54.0324695870773
90.3271584437903
85.9526348330123
9.07439586873171
-98.3475354844681
94.096619156016
-28.868459286952
44.2739456207078
63.8761478667932
9.88488824388587
-28.6109078562638
-7.62023973087555
-12.7002940985586
-29.9140634828471
61.8837749955159
36.8957339784449
-28.1965533989719
-33.5514311748615
59.2392844290674
99.7455989578251
39.2452789120061
28.1999894179841
75.1827737578049
99.4256167736465
-63.6481603908187
42.1331359003534
-83.9870051239426
-72.7959057596286
11.442468120595
12.2159016743838
-80.6526459315987
55.6496755015444
-78.5055010196742
-1.42853039728512
-88.6702090868293
-58.707147227303
-30.4184037385664
-51.4072302172786
7.4870374310442
75.1872459613529
17.9044101085402
99.2672792978341
-51.242728545154
-38.5778419346474
23.0057482095485
-27.8617559966342
-83.7422698700453
-39.3546929964081
72.0199864656631
-67.2095197251373
82.7180268601869
98.1343566609128
-79.1254663240106
70.1107142154192
-83.6135989694878
10.1271960087814
-50.9825351649777
-21.567001326733
-75.6550048368795
-10.7917791768268
-21.3739215133509
-63.7557310587116
28.2990659397978
-9.7857263678399
80.5687431848398
-62.9861311151206
-54.8255823310503
4.27145237583153
-42.0616339179352
-86.5756891104846
17.850443575082
85.9976135053593
57.7399273993297
-75.1727011277745
-9.0803451201603
29.8113000022356
1.22826335111912
-51.8560789836616
53.8465527963871
38.8402332812422
28.0337443769067
-98.5178137429931
-98.0665605149377
-6.93040171443559
7.78206403612394
-99.4985314415683
-84.6616539835631
-48.2071810196871
2.05511331738222
-15.3868051452686
-51.6723247495752
54.8402182665206
-30.7956962448816
88.0220057238837
-96.1771556029273
46.0821251838223
-48.2175341548283
-11.8020805739491
30.0873228686185
18.9114694910882
-43.8181802905389
-89.7672423568744
-30.7294050920785
-9.7072110752766
-67.7320030772235
-51.3383629776856
-84.1334114379601
-4.84951774412762
-46.3371437779507
-24.9172272122403
-67.3566720244607
90.6388756411557
-48.3471524958614
66.8289996412488
7.60128188813289
66.1520628508094
90.2028734910602
-99.2818619999818
-87.1126752395836
21.210642494184
6.8468952782564
-9.11548845045402
-57.571224310127
90.4178602160965
-78.6350190104475
-37.1917444399278
-1.51738095740372
-53.5714552559121
17.1203762826927
31.8550674231146
47.1629321590383
89.9405773885783
-16.891803918781
-10.3489880626417
98.9972233299657
-83.9083058469077
79.9562680517269
-63.0185940193161
-34.5014497672326
34.6993841818334
62.5112775901114
68.8411740775949
-64.7951604747719
33.3492532893088
-43.5947017202173
-52.013996152705
39.1509238447448
-23.8138192455401
-36.2298583813519
10.1086958302873
75.3995535216207
53.6658694375397
-29.374223410138
-15.3408870209672
-96.6900265649979
-71.7920478847456
30.5626609034264
-43.0653265124421
-87.995160157044
63.280862724463
14.1343025538489
-73.5960135601971
72.6581541790535
32.6342886265556
-71.2265554167263
59.697259372034
-10.8832040906961
-35.9129687587316
-69.6941082367957
-78.0813731746292
-77.5491265130758
0.52823047136053
92.0930638515872
-35.913351523741
-8.43820259909226
13.9989819934823
-68.7983533279511
44.874490386071
13.8291504719574
-96.1243248045426
80.0795551313161
-79.3781202983861
91.8435972780795
59.1982808247614
86.5847638917928
-2.29724284725451
-46.6465051102649
6.67055090862434
-89.2512196769899
-74.3306277155827
75.249449496842
27.2290027830037
-81.9789913541043
98.6655708321643
35.9982099314327
-30.3638965611099
-4.77512220954414
-66.9613941752398
22.8350537264047
57.6447577175966
73.9514547436883
69.1819569383933
-70.7922695628026
51.5759087274674
-84.3163694194396
56.5690758837037
-34.8281912410733
-46.8259134875055
-36.5598338866023
-44.3664287597849
-66.6176717879273
-24.2152500322372
-39.6572033299716
41.6524644142529
97.0029975847
24.3339822622017
56.4064700209107
-56.6620395634129
65.2808230852889
-47.7769247324733
55.789942627051
1.6083953553175
41.3800497556499
35.9923941760331
-56.2703166682676
2.78333411367309
80.0532009361877
63.7616506153495
83.6429267920175
63.6389416079969
89.6880201901402
-3.7670187769525
5.67375478158283
-12.642797039227
-16.2805117106312
21.581345009442
54.6486924422412
80.5671492309978
-18.6685451507606
26.7556638640783
-20.771044724624
-37.0092792077403
-15.4840705799899
-40.6311774654514
-1.27687921492804
77.321887205438
70.7553074846218
