-57.5150944278264
44.3111996480306
-86.0584467212922
-4.4358305781775
3.43286467265244
36.333463532755
28.9769446786505
58.1593419665041
0.474740270490543
85.8455787531821
29.1698297015095
-87.9231438482037
-70.9469195780449
63.2758091598456
69.8502730984771
-9.3572992053418
-46.6756461193215
-98.346774979466
60.6178314674885
-70.2460092703147
-62.7055270066914
34.4177015849342
-89.8361052506919
-50.522031245944
1.23364265036317
-10.4540398880442
13.599523683497
-42.546529171056
-15.8448692991885
95.2904347004936
-6.11890427548819
-38.3592342166341
36.5028234064065
18.8661984508983
-35.2987337973517
-4.44976043325174
-61.1411918859349
-43.2997372762624
85.0279307573022
-66.3191650905443
-39.0630483923932
-66.1152045827668
2.15968599897542
-79.5639598637852
46.6850898461197
74.733299307871
-65.5372700334715
-53.6599217490667
81.8617754631146
-19.8919616681799
-20.2742155403346
-68.897493468724
-86.767461420431
25.0275894304505
39.1529966577139
92.1667347460285
43.2979580987597
18.0561465448258
90.544777858653
59.256069720271
14.9627781003232
-92.9302569908582
-99.1461885574033
49.8211232579282
50.1223836372553
3.26847675607975
-2.50516572253217
-65.1589697336153
-38.3793928542996
23.7389869745957
29.0380176477084
-64.5394337026864
19.5215645422598
93.9225094615018
80.3872802469562
-39.8437556495361
-53.8729523169477
-46.2424073511854
-39.678687114571
-74.9812816616536
29.7352979730887
-82.0097180205288
-88.0908714116706
28.1459600072028
-31.6990369855782
-96.9147680772851
-91.8824510304839
9.04900738765937
-57.9032344412986
-26.3012625630836
-32.9792103483162
20.8299190294503
-91.6410637608756
15.8112902399838
64.1044786722349
-65.5328547404038
97.5378274292309
-30.9135893863544
0.756007330539774
16.8189005572262
-39.2899329537048
17.6055242850913
68.7317771745209
-25.0208479636775
44.3740500887486
-34.7061607816311
28.5307660371834
-6.77675369893184
38.7060883778919
-58.4488263946157
-34.7233761889982
-22.3509586227653
-39.4888659484916
5.26322712868983
-0.254129323344827
-78.8982175964887
-25.4393496957572
-84.7440235827203
-57.2651893446244
-64.488722095353
28.6255459786042
-1.60021960508804
-79.6009335814309
27.7949002868757
-79.6054544599772
14.8329528595009
28.2791783455062
38.8318405749853
54.8536564430388
-68.4998956308241
98.0514719283517
13.3188310551763
-19.3902931280118
16.6258315824089
52.1170559528585
-70.5774051559264
75.0897777934389
-31.1382216172228
-48.677088920455
-31.5339129723797
-68.8386874891785
39.8217075051369
28.1618518808999
-65.0188692244638
-35.9605820099489
16.9048858260676
26.0726957790119
-15.9044192922768
-26.7665102296926
-34.6220179909856
49.0035336292571
-65.6658447824582
-16.6489484537264
-35.2083451091161
-79.8570251935718
-20.5216195384488
-74.4857715241725
59.3142831629868
-86.593794649527
46.4023821105406
19.4740619079667
98.1181195372586
-49.2317560290034
-42.4249395578882
20.1149219633106
8.89882433732907
42.7183476425936
-16.1479507378036
-28.9031155242181
44.7530648691008
59.38742582039
-23.0337602108834
-77.6822933087579
95.1874736451626
-82.0217046937883
8.46542291984636
44.0365950787538
-12.2257358410167
-31.5944626893747
36.2853463289408
-94.6441567438141
86.3038270086665
-13.4500887157267
-51.3168556414594
-42.825566851953
1.02041898561276
-15.0125776832499
-22.9767816007287
-77.268446803871
-92.4364901293335
-84.4039595389405
74.9897600107117
-91.9012119380088
-82.0154932167463
-96.204238690267
91.8471052448727
45.0129993282227
90.013073841952
50.3293084675834
-54.868050218939
-56.4171526163223
1.99983586445396
-53.0521185470034
-48.8948512684178
22.3317092004187
82.3475668461315
-62.9895513183542
96.9724785476383
80.9974437135423
49.3269503446971
85.0523650760876
82.1902115620186
-8.04735338230212
9.33305565202673
60.1624498445447
-46.5173615757675
66.5132212197641
8.17438790483824
-61.1312499472044
71.4633478519122
74.6109315005729
85.0018866266909
44.3210423721918
-60.4543327387823
-39.2523528201013
89.0279717725155
35.7746891800599
-78.2413594935136
56.3752305970207
-17.4328706474627
66.8000426221137
-3.16332423201604
14.4407938206874
-49.5079965527689
40.4054204434346
61.6983215463679
85.3831445541574
-80.2802047669352
-79.6324925414152
17.05148363766
1.93780579267077
-48.1688526936231
15.5198094532755
96.0047259018108
-40.1845217893376
-51.7706400154758
27.0661790157949
98.2756145940753
-57.5456826194166
-39.7768354698887
15.3827370228937
-8.74666216708971
-59.7291638686602
61.6686539695689
74.8429416911133
-50.3003670205536
-78.9822339802713
-34.07872922832
95.7832963562382
58.7822899696355
92.4205952752563
30.3520379997379
-28.1756454174021
6.51649209316581
-85.1424620731661
54.3688268217836
97.6879305361787
-61.9114787945198
0.748398365754994
87.4317237591452
2.09981334681659
62.1819904273441
-43.1958759296799
60.6671130461391
-45.2869729105736
34.3511520892156
98.3136796653764
3.80259699038359
-32.1942912110185
-89.0236114712492
16.9408234770925
-58.000889411464
44.5586943688076
-47.0787770702051
-77.7583684892385
-21.1941934117573
-15.2463269511172
77.9263611770928
-95.778041734059
-5.10128606943103
96.4529004365739
96.7356234386249
-11.8756918525867
-49.4829449577735
-1.54831109307706
15.4014305896496
-41.3574089452639
57.3260397861138
84.2509962966262
-31.7424987535496
-66.0661431735473
7.82350641542347
93.8126808810426
-28.4440978383069
99.3107292389855
-62.9796691719004
-20.9305773185615
92.1008597713034
-75.5259950771534
59.790855846911
-16.6884080569539
-7.55824805298569
66.0113909417193
13.2495121475017
-92.1752855146799
-55.809569953532
-64.763567212653
92.4158656224552
-15.8680055705526
79.7859048551067
89.2183798895553
16.4149873452982
35.7019337989511
-80.2938726714058
-19.0563519491136
85.2653979857456
72.6109318306858
-78.5582997574234
-37.1208758084951
90.5863027477111
-79.2519874873638
29.1161404286715
-31.7551204459302
-51.498411589481
64.1465601067522
57.4250533126628
-34.4873444329038
-71.3701699734044
-52.8460233241659
-63.5180977988714
35.8678128144544
95.8059508994534
28.147440701083
99.975488941411
68.0632199345011
29.9198721659126
-67.1172994902828
-22.2487517189417
33.1327670550153
31.4476461489059
-80.7091887659121
49.537478456084
-63.5252596505656
-76.9880569551044
33.5871768912542
-26.1371025868569
60.0073038444069
27.8559419546374
-11.150701536358
3.31292945634516
87.4753198489195
1.53260319775829
-53.796620695704
-12.3430059114838
37.9049176749772
14.8635715207378
14.0746658485208
54.633193620498
-11.6221767014618
80.904282365085
69.1009015038938
-50.3384923355723
95.0047476954338
39.7304241431341
14.8484411718112
18.8378198112417
-10.6443607262702
95.4190150616199
53.3445010245566
-23.0872912824001
-38.1908451134365
-86.9587454646797
-63.1545273984845
-16.7374400206668
-65.6867252490285
-16.7520093675514
96.8738644450621
29.8934373135882
2.24211229296674
32.1960649100778
-42.4766733257784
-40.3932765045326
-11.4350392866012
-0.410337886941619
71.8778755998928
91.1808752372818
-5.84115998405653
91.0837688848783
87.282219735486
-94.7451975204405
13.3607733627204
0.213288304002845
82.8953347371158
-90.6233790389097
11.8470269239523
27.0531802512185
-91.8814841390831
65.6073465170165
-50.9346179408451
17.7407573013325
-42.0352614319235
71.4411635223256
86.5690531233707
93.2518364644818
55.4682620166553
-22.895566745913
64.5961774935875
-38.0960618847193
4.01229256049351
-3.8890031413533
21.904501061156
-89.1449340806583
-44.2940823571326
3.23701722710756
96.7650060490237
-25.1078484151669
83.4859910539945
-15.9036991380564
-71.9898961078022
12.5723173352802
68.2583754341067
79.3950187646038
-95.7269296213108
56.7286327375968
94.4863139765501
-15.418041723723
-22.0961234994802
-93.5217400015121
48.3023160075295
31.3958646783471
-52.2502387677508
48.8683689586733
-79.0928641298108
92.7181902194524
69.7547825726438
-35.3127407934225
-17.0649125274859
67.516071437242
-16.9670834046543
47.5793273149642
-25.3408332237877
67.1591817107885
81.2854085404864
77.0512578620503
95.4422278795761
97.4013608421081
70.9724320655162
22.8518604667477
72.3470245267925
8.99811399033297
-4.54284196794603
53.1862737517767
11.5163792941287
93.7488369832677
92.5716280485826
51.4729389315678
21.2819386985995
-5.8321645429383
-51.6570777305442
79.0579813818766
59.1635325353717
-95.3154073550072
85.1761620753882
-1.36145801112301
-1.86427799404971
-34.0293935709465
-79.1960396986816
55.8912592982247
38.3174330713541
90.0536364569719
-62.3105697164625
-81.2191318545024
-38.4493981969044
-78.8645755965464
-94.1306563363288
35.66433850845
67.9871291716322
-98.3279964345726
-64.7246991932918
22.2473561817354
-2.75444184535658
65.5224262793529
-36.7111424906184
-52.245442216317
21.8967319962184
44.2109004634143
-46.0226586924211
86.9669587330498
18.1947506168385
-50.6327537587161
99.35661159852
-16.7177693752775
-75.3557726809418
87.6502939843124
44.4961545145465
-37.6223936659198
-70.3885301836429
25.5545810775053
-62.2518155328747
-20.0702356132622
11.6503315620243
-75.6348241732348
-97.5075463728104
84.2489686979747
-78.3547714112883
52.4618741593571
-82.3430704417903
92.3133741953745
-56.2030125454271
49.8779930909231
57.0664536023967
69.4355446452101
58.9494364261114
50.8136125914769
-61.4017153139474
82.7582218528814
96.6480227775774
93.7658068149881
44.8473228807746
34.6346999719866
-32.5230838396025
97.2237588676236
96.0540246128908
-45.9536022049237
22.8375600446667
78.9941940235583
96.3284852804276
-44.1029557571686
47.308622543984
22.666121195649
-72.1859144792901
80.8969343255243
4.38396432881841
42.2247689590791
41.792637067548
-44.8669809088263
-4.16072033331844
9.58287890224707
-85.0278673055434
59.4879208962649
-95.9897709567059
93.1365388208984
-14.128107891229
69.4212636494015
68.8788409997927
10.1451837777037
-87.3944201084096
61.4656553846847
52.9783269665432
53.8748588897971
36.3581041785514
59.9494012813892
-9.29669474386745
84.4614532926749
-88.9150411996532
46.124667952532
98.712640956193
36.5631134829179
-1.810400185486
-21.0195833661761
62.7515904721526
-52.9059486297115
-31.361714108173
-31.8521538108487
6.02560955999347
87.8911762369851
-45.0699598935363
2.81454821010357
-93.072878114989
-26.2571268096314
63.5554962988664
72.1122752768301
52.3719850696714
-77.6474888946749
-46.4812048442293
69.4036392745255
92.560793682896
-73.394596462999
44.2229374636028
-3.71214959893648
-87.9049676966611
-25.5180153122313
66.6617016926565
38.8470298467616
-80.475524714961
43.4123584727529
-95.5041900491317
-53.1577161664103
30.6241196527212
42.4806009506032
-83.3785943488638
26.0447579622614
-58.3565389372695
34.3292976458756
29.9773470241118
60.4869300723458
58.8818571173649
-86.4574435305557
-27.2663412100067
-16.8996032183606
-48.6949433690211
-27.1135185654644
-62.1682063494503
-75.29081126619
42.5731469606037
-12.4281836967613
-12.0866050505465
0.464394383152907
-21.4398433659744
-17.2450096557863
-20.61154124821
-20.8012808890507
54.3059359415878
-44.3974200825539
-94.8431085768241
18.0320859091647
-85.9459337508263
-37.4325859556574
42.8230524238465
65.4979325329618
-39.3917480540526
75.8488450558318
17.1581033970994
1.80976882489334
52.974828750718
-82.6684556547622
55.7327705419046
-97.9786682123561
10.1226528617778
-53.2614567258251
-5.3622856764124
78.6309802351343
-94.0919623565479
-55.4448749788717
7.35820969808904
-52.542216585327
-31.5664318212891
26.3802459880311
-18.8189006202116
-56.7040728745021
-64.2305565724733
-76.1135988026708
31.1764981127409
11.8880323434239
80.3551114240392
49.1722974272553
-95.2750867570666
6.95514652099263
80.5935747666861
-50.7663362858634
41.1226901297958
92.419362295465
-90.0236630808331
-31.5173409993968
54.5516181110081
-90.287696902245
0.754167720254429
-84.9184315355002
-13.8215718540723
67.3663209951009
21.4394039220027
-47.9139987212242
50.0861203738497
-74.7793763016618
-12.4440047763333
92.7900858237004
5.2543004437095
79.7908380646645
37.3541473489499
-87.0775113340217
57.4681592898541
-97.2586679549476
-84.2530093592145
-30.0591233589257
37.5907415334557
-34.4335768644362
-61.1975769840408
-79.6748991930022
-50.3643333481145
87.1627202411889
-76.4725475511366
-72.8791485852035
38.3916396797383
-43.4983890232058
-99.4720689691694
-61.3002981642777
-71.9918175452931
55.7372502125661
10.7213696705654
-23.667768996839
15.3548179937396
-34.9023649675467
-76.5082578897167
-17.5390165298338
89.8904309017534
85.6780705846507
96.078904421608
-18.3394457283475
-52.0552725588442
30.8518758653203
-2.30086127788267
-46.2715103695555
67.4924479540585
-61.844028283546
-93.7649104715257
-60.1687404422064
32.2134859018694
24.6011659407137
24.6515935989358
81.5471348644056
67.8669565747548
52.0214021967379
-79.8618416241971
-27.0440271841721
61.3007360696561
29.3560662249286
76.2362877272921
-57.5829364674914
9.65290378485433
74.4136025314299
-43.842236791226
-93.1983887744154
0.51637102013629
78.9054398790841
84.4030707406754
-79.2785554619397
-17.8664856883521
-7.34734961298491
-83.0501612716882
85.3529413891212
-11.3312978055227
84.0674399529136
-72.7938033218461
-78.4931841782103
-94.4080636950984
73.9978241889233
65.1807668347748
-25.23036999385
85.7712521133616
-68.6861611211836
44.7863084562596
68.732320279046
93.7891541483041
-82.0241611940384
76.7223515761871
47.1552667349438
-48.0759056554711
38.0478499842903
38.2162961321151
61.736785301909
-83.7289727116498
80.4946680400896
33.4570916977204
-11.2426880299133
54.4388483737891
87.5805511123242
-36.5925824731205
-44.7489815146295
91.0313017819423
-24.1651470988193
41.9654992324801
-19.0941657250474
-55.80146479582
27.8082156342677
-40.9478208801463
96.5192894728511
-18.6879389392887
-56.8533484412851
15.7526031366654
-17.9337989041519
67.2037153347496
-9.83800399881231
-90.1450126042592
-68.4645997332383
85.923667657989
-99.4668307641644
88.8467902974112
-48.404572774223
38.3679838469628
-20.2703233411847
-41.0657803803094
27.1437919606643
29.75434228244
-83.5032614175751
99.5966434740148
54.1321803643999
-82.04238651893
-0.199091861591256
-18.8028279210027
-13.0236364118982
-82.9910741884672
-87.0223114670464
14.7126891314053
46.2816194137275
-9.8498581953861
-31.1933856812011
-39.0623818841641
43.9948089898499
60.7921934216299
-34.4121018215519
-69.3674674710296
83.9906167281955
-83.4246462035059
-13.5618484800269
26.2384350446683
42.0185576221343
-99.1315979101564
28.6925248530208
-48.115128434351
-29.6280038992596
71.698132645523
82.1810621506363
60.6551387699753
53.163308040512
88.8555734904232
99.8365592799954
-53.015507388815
14.7046854527402
8.43072557910848
44.3165694732488
11.8128337281234
28.3130403238999
-62.8689576432416
-67.9074329968338
60.9917252449127
28.3251667587553
-15.7399768292626
81.2284874871468
21.0836296883706
30.6770193177179
13.7541234703934
-22.6983877647461
30.1722937113816
13.5312089495457
-32.7032391435721
96.8814774549521
-23.7179346567992
-28.0888265497035
7.71847358813235
-95.0712309318049
29.9459022339883
18.1768529112823
80.638994301458
-66.5948943931287
-11.2625588928845
45.0825075061669
-32.7821880121073
-64.6859819687849
78.9630704367275
-62.4377612783355
9.10962082963155
-38.2643532632041
62.2607602836018
-23.5519326558359
83.5898917186144
33.7503159592058
16.4395634137095
