-75.4611294687898
89.4168798689721
-22.2788027473043
72.9033277292486
61.0571807703658
57.6317795995113
-30.8586483753893
-27.8161949766997
30.9649323872091
31.0426299974197
59.4538342980715
37.6821630633286
-98.8008815994148
-63.7230336453958
11.9854469321236
58.4488347917174
77.4357246817763
74.5818398510325
90.6961869952225
-93.3781356700905
94.2024419964697
46.0124231060441
-14.8277224685775
-13.9525031394263
-25.7004432149507
-45.2942800673479
-53.4347946205566
89.9571305388795
-59.9885718357572
-5.5089278869724
47.770263780313
78.0804082424935
59.8812046216961
-35.0505271629137
87.493238367846
8.11245786035781
17.9655075713127
54.1604530957204
29.7242465746202
94.0856213713893
16.7765330613736
98.1104801764611
-48.7728705545994
46.6296341629005
-70.6442249354561
26.2645426936298
4.8536563214443
-63.7199070726817
-95.370113493462
-33.2562236297106
-29.5626649318341
-93.3155356466016
9.88615417658913
-14.4736577372227
15.3152765488564
-31.1338885649071
60.8977259625809
23.0367231816336
-31.4278302835314
-20.80412527041
62.8902836533658
-26.4937605137877
34.8714931745571
-38.650534364114
-92.6857892606394
65.7092823787468
-54.8670157492345
-13.7902829339491
-2.78040271265877
-8.65656838234899
6.14448959009464
-10.662324341205
-75.4503514526347
-8.12565690466505
-4.91398134694485
-10.1152969624995
46.9882760174046
-10.5291491720899
-54.0636234122931
78.1698687818614
64.501114879497
39.7350564787829
-23.1551978675174
-44.0401056840695
-26.7410434747954
-92.5267730110669
56.6631056174122
91.0056286726908
-43.6961528753965
30.3528839706912
53.0645436696159
70.6247415024254
-54.7927570127881
-35.8515299234056
83.3882794227762
46.0294779863034
-87.0606302766543
-39.9632305742909
66.8166219114052
72.7004419939612
-86.0714846679397
67.2332793674973
-34.8389363156838
5.14973924850524
81.1418841654705
-83.911704484923
-81.9457664538838
-92.1255452499026
6.64348923180569
-98.4569321406708
-33.2547356808947
-68.8959804472345
-91.4323849195741
93.9728735506525
24.9011848932328
-2.76017710079238
37.8138031213069
-15.213572806426
-28.6098437838789
56.1449907109672
-67.1834047186038
-50.52435232099
-28.0465020925174
-67.0964192825374
94.8367495086984
-84.2143247884598
-94.9575206880702
-35.8120640462569
-61.1769251551519
14.29495241403
-15.2681889158554
-67.011014938998
-77.1985532934497
-86.3796201837983
-11.9023895921272
96.6028614359909
69.7507774292432
5.05682468474571
16.1691562187719
-45.2018078886144
-27.1796988198403
-47.3954338295485
42.6433746818306
-33.1546162985156
22.208178466253
30.8154447122114
-1.20495393504318
-5.9458487779801
97.6648544258726
82.6920214193575
82.3957831354091
43.590672724687
-38.5508406372234
-27.8297997260098
93.771479028948
-65.3763472552456
94.6351869780535
-22.035632034362
-23.5054562112654
-3.14394388525373
3.93229998323361
-50.4524378814305
-92.8197224704273
96.1248568740129
62.1453936035608
-44.4352505971595
-29.5032321317637
82.9214780100529
-33.1945609510066
-23.9685358008246
28.7188028223437
73.1472003390895
94.0287123098759
30.5862126761826
9.12887909166776
-72.3677074638401
-76.2394932391544
72.0037259318676
98.2299075039704
-41.5584813230954
-52.9257661832433
50.7458886603823
51.7426244230998
52.6454060137271
66.7989380467698
13.6105323938609
-27.1220772181895
45.0107712626163
86.6691201172416
80.3594793461509
78.7257128465448
29.3966609604038
48.5257105345795
-21.0197743126873
-97.5787170792813
-39.0740935064371
-28.5458182967579
52.5549881765802
29.7356064097402
52.8443958202652
58.8945962656
-53.2506754263873
71.1149802746214
45.1488221620838
63.0383019506797
51.9946409954318
53.4990965287439
-10.3479618597376
78.3674307144994
88.4765411455087
52.2342575420915
-37.1827234585559
-5.51227645886706
61.49826806903
-88.6259489308199
20.4532491884852
-97.2279867327011
77.7341462884396
40.8652285642001
51.2111558922796
-60.417718808228
70.0034671065104
-48.0902361448884
-84.3691889508394
59.3481267167238
-52.5937841491108
-64.5840222901366
96.1053394916982
36.6834732743655
53.9705104371921
-33.9480773528554
78.6422087378424
94.5647158926926
-21.0920644770347
-56.4729074634416
21.662563938142
47.6913044474961
-30.6392572748597
35.5803104069448
-35.8997348114162
62.1137523070286
67.4854913073292
-7.19162261448159
20.8357270382816
-93.4510629189358
-19.8946283972376
86.0720779123546
-39.0581942310014
54.0054231002573
33.3965503807109
5.36190738012839
55.2634803210975
40.2004156685969
45.261900845624
27.7802822049464
93.4667238180643
-73.1405927421307
-96.4410711850142
4.15377276352058
94.6787101555418
-12.8623025520383
3.4768569696281
-50.1754432137474
-95.9239556060783
-27.6952632345975
53.2649581996544
-53.4148198255073
-93.6010353823361
-7.81106757877194
38.2115918995924
58.8713257440471
81.6853055182035
-50.0890273951706
2.62587622141012
66.7903591246526
-49.3382326454571
75.4693098043394
-80.797230242044
-8.82749250699172
-10.367754788943
33.6503986986211
35.6219197065133
-94.7479342797209
-31.7797880223612
-86.3306554244719
-58.6776623383392
-19.1704769025252
91.9681768600283
-96.8195106889897
81.2146205566342
-1.13660077478885
31.9782411149343
16.4654199678991
67.8807047208696
91.6981978140428
59.9123977960875
67.7029924443175
-54.3004014690333
62.7968631711065
1.24184933742426
-81.295045299521
97.2250897035823
-73.3363912800808
-38.0421499393594
42.7108723621065
-63.8007965923578
21.4654159476876
-71.7436313365646
82.026960517247
-59.6818789639911
96.9176364957045
22.9929175606099
9.58777779791755
-13.5327517469064
-0.659885255859677
-12.5928049001785
60.2550232169064
83.6968576086501
26.613822084097
-34.4171531910422
86.5423169678157
-52.9651895260804
67.4083606787616
0.840250598595688
14.510125339444
6.6324257009625
71.016636454168
-60.1662877528066
-80.3797365402083
1.02320913460112
-18.8913221800732
64.4857218206014
8.09636537661471
91.8047550463564
-48.2417477281359
-37.8981746517209
37.0475176936127
-68.3113761085667
-80.9497646091203
-45.1987329757285
21.3933364787979
-48.1634757429402
-63.1133209912013
61.7604065367363
15.4353924521428
66.2372580485933
28.0241080532623
-10.2749032008729
-36.7457426188549
74.4944271971397
-71.6457362309733
21.88218691278
6.24874551196302
60.9773415824302
84.6793812342554
-45.4451964564683
-44.7569267688734
-38.3540746200024
-17.4205991950708
12.224365331897
40.080195937333
-5.84598416759894
48.4841822404996
37.0568590184625
50.3831507223482
-8.91102269230983
35.5351285820999
29.0572541886589
79.5958370014432
-62.2797505622171
96.2405779700409
43.8529075301436
-84.6115672755835
-42.8442442136234
-31.0283358427609
-39.429651462409
-62.7416326830135
-7.62787362785036
-54.9146314505734
51.2668104071252
-43.564688111313
-35.2122563018754
-2.22564207666555
63.4132872637609
92.5140807498524
98.4320950537641
17.363647255055
28.6314494691777
55.8054631913797
44.1155165972266
-50.6103557371454
-70.6812269318721
18.8392558954289
68.1393716375351
79.107543125396
22.7525918421262
95.5673566398463
66.0380633145943
61.0340346341261
-26.6864065771011
69.9673917538207
-73.6546014001274
64.0368627080955
15.630340809644
43.8613837501521
-25.7407366622598
72.6991840055343
-63.7821390281287
-53.2234041737906
59.0984827515487
-47.8825438443292
63.5722801251279
27.9474286695631
-43.7702983846862
-52.4611665059906
80.2916138388532
18.6263114448833
-45.5370644207237
-42.1985965657501
-39.9846819946034
80.934339655351
-94.8718603981013
42.2189083533704
-70.5476791329061
79.0221338047298
80.9017625830745
10.9329650183617
-27.5462222337027
25.5726657120195
45.1163895853663
-24.069228728171
89.5647830953518
-73.2878293302072
-39.9520675699028
91.1032159441014
30.9019860047692
-16.0804857851759
-60.6279168048895
-79.9224908060495
94.0388696626291
-46.2460305004408
-29.4351252810266
57.6896965610289
21.4059078843897
5.2239402182263
-96.156178630756
-10.1853719197341
-24.5554503809345
-17.7956198637184
-10.9206508723087
8.33500511491256
60.2306572979694
53.7866617771297
-36.7193643026232
-64.5482742422591
32.9167336894212
-41.560967582964
7.71088058798411
99.4102602972393
-63.1215969031278
87.7604444474731
0.784431311374334
-93.7591587208227
-37.6780027685484
-48.3046546173111
-41.6583710129594
44.9965497938365
44.1481463038712
-81.0140728487961
-87.7058540131842
79.0533910269009
-8.11140690315878
74.9961111400463
-17.4271859147013
69.1205506697588
-63.021107769945
-89.3726325231536
-8.08613073572528
62.9658875252596
2.89664419701387
20.5829763035269
12.1101665234929
59.885429948886
89.3574223905653
-69.5753321506009
98.0215148479629
52.8740816879881
-6.92993260553557
-54.9519613299416
-7.44615560183753
-42.9706129429941
-4.75881259132649
-12.963004930971
-36.9863996832693
-78.6725701141833
83.5932180157667
-56.6872045645006
-57.8539926074079
-37.4699259700508
57.8020304622033
27.1112719288116
38.4187988244166
-72.6336659853267
-20.4614099694767
4.12819207025738
-9.83776547797437
-71.9567817310693
-51.7255469154408
-12.2148220009694
-34.3680018946482
-3.53599918310221
-33.3637758433554
49.9175196329747
-76.9419075692558
83.9974453444884
-69.2512109647603
-22.8080440153797
-59.4744572720256
72.5147923948966
95.2550689675893
-95.6946473472982
-39.0269369391267
54.4540388875202
-58.775890091713
4.01536568545787
6.16053960277247
-78.312699261566
-20.9049718275667
99.8133415337535
58.431499881061
-32.9750473526073
-79.3687028235925
86.4266107587397
-86.8685716437315
-25.1642408834227
66.7940672994911
-54.8202851022874
-44.0520609894571
73.1683938129053
58.3159285021897
91.4585710707602
-34.6117390436113
-65.3629066064381
6.00735000943746
-12.4742612549483
-29.3392222234377
-5.42353964481195
77.6571997547757
79.8930279948279
84.3263207467187
90.2227772110865
75.1313210839514
49.3294785254022
-60.6809242076621
83.4677443474646
54.1643656951051
-30.6658407987968
24.7613849004829
-48.2684491312734
-30.4760488973819
72.8676032389222
-12.1591679591797
83.2936308469883
18.0591175250572
-32.0822861325612
-11.5228742351016
-44.6956719917693
-25.460673098318
-54.9351945998625
77.1507222131245
57.6771072297538
64.2109363748667
-0.0430725789583022
38.3310383982663
77.1653061053579
62.561736107947
6.5661175995735
68.9972776810597
-34.8742947988782
83.8678510305881
-94.4650799928884
15.2601992831898
92.5864750126412
-33.2012497307586
-33.7687213565894
88.1980772186215
10.1288285633754
-90.3774909843193
-63.1218801331251
-64.6006731836809
76.0546797278939
-80.0982643752817
64.8046005354414
87.4751702969155
-28.4290062184182
-15.7472057898285
78.5134936696336
64.8789630423413
21.3991792859851
48.3773768231965
-59.22596790704
-44.2833741396661
17.3407601335006
92.8365069775579
15.7727012498026
-61.9913301690307
24.2436403896095
-6.74898585698767
21.4148215722532
-70.7129121903315
-79.9937765801472
-69.8583990848072
57.7168193452568
32.252723542706
14.5868749568203
-38.8094731567832
-1.26113645155897
80.6838932187908
75.0178164709961
12.2304104326742
-56.9036020358406
30.0819928693584
77.1960990511212
88.0959126502858
15.3096544877
-34.0207685216849
-74.6693402095593
-74.0022179597461
-92.2370705935605
57.3019585459504
-46.5930281820635
-93.5186824955513
81.7433762253036
50.6852258011066
-28.3316706154758
31.0971398424477
-48.3381022467501
-63.7118904136376
12.7536122958205
52.0392355186212
-67.0888559642452
-86.1128460506049
39.7026920100114
38.5176140672525
-8.35033768998706
-58.2197455145994
32.9985819859495
23.2658630368004
0.909629829343572
-47.4495669557274
-27.3924055320285
73.0701926343335
22.7496746980637
54.3998474364902
59.3329135001454
38.0874640559907
-34.9119307086534
50.8304631342536
73.3114386801938
8.31692124319765
8.58829959349194
62.3490435562364
64.9112862825474
-39.0954750328592
80.8495970191092
-89.9896774052188
-70.7262622963262
-37.8065489990112
-2.24706773635788
-98.9788580303526
-78.5667171498661
-39.0642250291002
41.872015874568
-68.5819413229704
49.2473046868418
83.9874405348233
-3.1172121293087
78.885148913869
-40.7042698589683
47.1012528328319
-31.8006874468458
-67.047108504344
34.7678509695784
77.4629887806212
60.816811887988
94.4669605647159
-47.4760729831551
28.5559796627148
-20.1614623094933
-72.0435329758425
-83.2592129204873
39.1536812683091
-6.63956531878148
23.9301776184243
-81.0155303029484
-0.665985165699013
84.0353624802788
-44.7511528574391
41.7896362068066
-23.9109274918187
-62.346548479818
-74.7724237990203
-36.5283853724051
54.4092857853755
87.996425833513
14.322944397383
14.2112473843713
-92.9503785914233
-49.7061907644553
76.5994492993532
-98.2292248334653
22.7090507515303
84.6484520825105
60.9305504222147
-40.7438208249077
-32.1932385673687
14.7418414622397
52.993024381761
71.3332665646778
40.1618383147114
-8.94772659107306
36.1148323353608
1.68334681619623
-83.8079126912348
-65.1564983872441
55.8861058755201
-88.6275553620476
-59.6043137076087
-36.938741322218
-80.2417199868884
43.1501379590054
53.066438067439
47.9531394240967
-3.79598762953182
-9.02302781750055
4.01252846322306
-0.804810902394053
65.4204761593643
-5.09463962957551
74.9808862084717
31.9677137555712
15.7645249058758
41.5953984147773
-33.3525860728123
-45.3129566823624
19.6171486200746
58.9431245120668
-28.3364959211479
79.9687075311092
-21.6206889425713
-63.4762440541098
-16.5965124207491
41.0958333453007
64.9181834582941
-44.6628103688922
78.8383119307778
-52.1026263162152
31.359823285388
7.2613884058144
-25.1526099003949
-57.0731351065981
7.37336694403395
41.238763010134
32.041148955667
98.1516918125781
-7.92834508759212
66.64520745141
-5.12420501202534
-40.7996603528644
-72.9562463094077
43.5498843238714
-71.2338273947401
65.9825426137677
-83.5170303730597
-8.89451899672902
-35.8769523808417
-81.2470946258013
-88.9304389074109
-4.98188914207441
93.2830190798165
48.3081217659989
41.8182731846238
83.681693693351
67.2274028115193
83.3579973775555
-63.9044880538105
66.5082287705895
-65.5955345762484
-83.2758610354315
-28.6892228851052
-38.2017392397423
-32.1947525172687
94.5680854800483
-91.4937709415368
-29.9652867380777
-32.2202842551179
-30.0966912449507
64.4443692890783
42.0244382052335
22.1197710177751
-99.4104550835942
-54.3386147316255
-88.0301456337666
-72.4781679357747
85.6043830745009
81.2940016139399
-42.9221640982509
78.8115297098425
26.3668265573939
96.7817023600097
23.4989986049745
-98.8360319308806
35.5518888623846
-13.6363673679699
39.053371937571
-86.8688314979637
-96.7498369223486
-76.928934503873
-89.2102857033579
-98.1439147937612
91.6061922174162
81.5605583676084
-25.6549822984073
87.9453586716114
-20.8037512534694
76.9720333986459
-85.0299275095387
-79.1877217373366
91.4412259916667
-91.3350365897425
2.65383344650007
43.7507991884229
6.5277344953823
-58.182413985243
59.7574129121106
2.42117185200846
-4.35736076871875
50.0186613532441
-82.298802912608
-47.353939448141
21.3740131682771
-52.2931761729379
15.8163631043853
-34.3554579688238
13.1813397246822
-54.5057333114831
73.7013306736077
-16.4164432263977
