-48.0309127344818
-44.5988460161262
-3.44897037525037
71.2080947939498
89.7601911564476
-94.5259284114988
36.3005387700737
-6.57510559907337
71.01403700742
23.4367754564364
-98.3842550139437
-30.7744716875666
-76.0002575606898
15.844195392988
-1.3009996441085
41.274938633324
-71.645733532933
22.2312159808131
-97.4606809349382
-48.7334149402354
-27.9353404257738
9.59021999890039
-18.0293557364234
2.16074537406419
76.2780914329346
55.0378940639292
26.0876040299101
-13.1623255510214
38.8098062021802
-47.0968998526507
-49.2310416989364
86.6628282114688
-62.367132632489
50.4521270429568
-59.5432465798711
38.6465363579629
84.1082598575061
87.5518857761614
-37.4017368947378
-74.1007348444454
12.2723411684088
57.5288399676783
59.6445508811959
56.6186874889374
-46.8676251855595
37.0291274875546
53.0079700123139
61.0205135978977
51.8026375339042
-45.8419717538911
67.0779478222724
50.9142089300183
-75.5374407463879
-60.0765301673441
-57.6092611067948
25.7478403683209
-87.7349738050412
3.67422729565811
-56.226367870347
-33.8857530139495
-61.3779468694155
-5.44500831786164
-96.5579220566019
-87.9595922334454
-63.0745840968982
17.4058438972465
60.514206139751
31.9463674240571
-86.5100378676882
38.6704457507448
32.2645963027808
71.8408940312062
-6.03472585959463
-14.4609774248466
4.90383405713955
-75.1066466869867
49.6218587110702
-75.6545396220949
-61.7650477380731
27.2770439111484
51.9659245753331
24.6402716078503
93.7549852965821
63.9040242288117
22.5164972200091
-67.7060592294168
-72.9512429569527
37.3862550913975
-30.625572027233
-86.1624735006162
-68.1100579711243
-43.7145922320226
37.555512621456
70.0047638427671
-7.32449731384854
39.5831057396738
31.1216903218751
-16.3271217050928
-19.8674013438046
28.6069685660693
-96.8744352614358
60.0662897002785
-78.9706326730914
94.3143702692868
34.5104612321191
45.0848129987892
26.7562514569459
75.5715314040727
80.8231762891166
-8.93971940225666
33.8495873435771
81.7149531749763
47.966695100195
-6.31474359717471
-54.6046453821208
-70.9188410104336
33.6677603038156
25.7041880165298
-74.5124315615014
50.3359070128188
-90.1717115948496
-73.3581699743005
28.4024087531527
-87.9637141742634
-13.5475379704565
84.36569012214
-43.2430564785627
-63.2043385790958
-70.7564930659488
44.5265014136756
64.0910046595905
-93.8052624318098
-27.3512958359942
56.4546957363279
21.6409845774469
-82.1020749085749
62.4917004016645
-6.973000205931
97.5700378390833
-42.2459166475289
22.9481501478449
-48.3584336131399
-17.5808010667268
-56.0171647277308
94.8666389572008
-7.5877321255939
-78.8408429864702
-76.7097557473984
19.5780270874939
16.9202299336394
46.825433533697
-94.8686850115949
8.12057480402417
65.2349646302132
-50.5282102164044
11.0815426270453
-80.5103798592195
23.0907893838539
-77.6214459257519
0.470706811700936
-76.4257707615648
48.2381253360371
-28.1687903299565
-72.7690734150229
84.0158005766426
-28.6376773122068
63.102288308479
-86.2567404421183
4.36787858999227
-10.643177920401
65.8026574702062
-64.8376931675703
7.25751665274798
-34.182356183459
-2.67183767565498
26.7629661307864
-91.6235285513075
64.3499200804213
69.8087966629052
-82.1853586672464
27.7605147251816
-24.552351636476
94.2256790548695
-97.1535971233345
51.0436644234385
-36.2031194973395
6.38284980405928
-43.9001958969123
44.5733010740265
-43.9754733077738
59.3426694578363
45.4440871461405
-32.2323463791182
-6.02379083201913
91.6473292557672
-46.3749145407352
3.83490104419064
41.7643385302742
-5.41648995556628
13.4255866958444
-85.2035893956385
99.5227291169414
-82.4610856580443
-24.8978321613259
6.89585913653737
77.4650050780134
23.4662350950127
92.2918597159494
-28.7805510521952
43.3384875367668
-12.2939633085076
54.1553103228469
63.3088614137615
-69.9687564168205
24.3052360965294
60.3754228557377
70.3415064422532
-83.771571886932
-68.471939206644
-87.7899619313214
76.7767535028167
98.9286593263342
-52.3345172521107
-59.0543649941756
-50.4122745707788
15.3569801291187
30.3758154357083
73.648315663851
16.75147905329
35.6254241485356
82.8276131088171
-3.34673185240007
-70.1479310069464
-65.3264145253833
11.1736814764775
72.2125759262943
-41.1054300876731
-35.1059208768784
-54.4957032741344
-55.617699913438
-20.5897153309956
-18.5702505321999
70.5356878771636
13.5875295764768
-85.1669472007667
-96.5779594190324
4.23234295028278
36.1122098616925
18.9474068095897
-75.5581628768704
-83.9639263341013
-96.6583999223415
73.218709601027
-12.3438064672999
78.3007968566212
-51.0749775436026
-79.6943103729855
-26.5977298850481
-24.590703688405
57.4037503796586
-22.7356408113914
-4.69087616158427
-11.0788714618197
11.9490912003233
-20.2365652696892
-54.8711377483457
92.6973323633003
89.2135863777278
26.8333514506495
98.7792014701031
-28.9950659303199
45.6272793120443
-3.95510596696469
9.73474336521232
-1.21259049613255
94.6494224086738
-49.5976941611829
-91.451244031305
88.1574259863881
54.9661192097244
-4.35117504475319
49.3835275457692
-8.26979536931819
82.085708696366
-88.2923929822133
2.09636387072116
-24.3956167286923
82.569862418441
38.4730136271006
81.3062011868481
-77.5255171920481
50.0069911560031
-68.0833871651023
-75.0622170359807
69.4484295006843
31.2069087803692
-33.6539532582381
-78.7326250469806
15.9769937953628
-83.3258570341176
43.2642467685828
-34.5711415222764
-56.0164456118056
-66.315768675793
-68.2890371754494
-5.85585028982631
61.6853511415987
91.5377785605184
18.0046793769388
56.3463794170844
37.6792020799427
-85.8585797874128
-22.4130383501486
-86.2647064812585
19.2779158936307
-35.6004612720855
-36.6727411751336
-20.9609843412263
-75.0091415483746
-8.01973128499633
87.397149742639
-78.2361214867194
-94.0052677920203
26.9683852775586
-20.3759908078365
-5.73415892755206
95.1015060771703
-5.60187390750438
64.5870377509011
-77.2651747300093
35.1825156187114
-55.7296459103774
-60.0431858554833
-41.8001383128533
-25.7067430278844
35.4193138051762
-32.3098133965721
-34.0879065065421
54.3072957865816
86.1500030742224
50.6063195317114
-7.79401745840339
84.4621830956703
33.4374368903828
60.1207998424208
-47.939249690226
-83.4575119198383
-0.316240633558365
-45.8264386737034
-31.6069964230305
79.7756109896102
20.1710827960039
-8.87270329516736
82.2222785644401
-66.9046802920872
63.791841521192
92.0931826187236
-26.5265188896139
69.3728643053503
-76.7328562711677
85.6889705230137
-94.1036204854665
15.966112120181
-54.1707356068414
86.7587277751997
-5.32769834789555
-30.0946070710154
53.296372912353
-1.24854695882061
53.0047270095428
-63.0226406773714
-26.3364524729539
16.8848974046243
80.9799274292698
7.39192063319238
63.5005695101632
-25.903640234089
-42.8630819003963
38.9543940490227
34.0560657409475
-4.44465449508081
48.6367468068154
-12.1983703807164
92.3538331568619
-51.371717031502
-95.4728621287245
1.31962477787883
76.8838599368394
-38.1404153840077
-48.6382016493004
-19.7782282315409
40.0943918061622
-55.2755985268563
-7.61534613397443
-23.2567746991824
-46.3458826708991
-18.9093000675446
87.3520429363406
-31.2597860991222
-31.3240002391019
49.5424920183956
20.0458668288407
9.6993655280254
-64.81236512088
71.0496297983542
13.4428453828492
12.1150351706723
10.2351487881399
12.8556192210348
-23.8727079798784
94.3179130534882
-53.0385570987959
85.7088387606736
-77.2459013290529
66.8711362526042
23.4847457088632
-3.20058676204057
-34.7595145751074
-60.7802841947223
82.6175241827185
-46.5189328744464
-84.4125196505099
25.0905569889064
31.7845747694696
43.215090361899
33.1335895362333
-28.1264753542684
-55.91833345693
84.4911122563287
26.3482012895316
-87.4515731794713
44.041805729823
5.84531635060964
-47.5413100634321
6.38013630658909
-84.4941063682593
-50.9625772842527
15.4740691028521
-50.6831744696656
79.3098186970608
73.3293009977223
-64.652084012172
-24.1959201424193
51.8994914024566
-34.0117351199353
-91.6584471267347
-79.1776327338068
50.6794500057809
-84.8760739670612
-20.6800418878477
-14.2583735242017
6.91578669406275
82.9631244755837
49.1413300569129
-59.4435621529595
62.9398710518175
51.0600233375307
28.3355508788007
-51.9000586815949
3.49093898704236
85.2546754775394
98.0722929441175
-74.2952042614435
58.2363887466718
4.38425799196449
26.4398736012155
48.9502053028447
-10.9033005946829
-45.7303907855545
90.1890917650637
14.8313576514131
6.88996687704216
69.9940967107219
1.20666990108937
52.2618279515483
94.861471485634
-16.2782976918507
-39.5631534981135
25.1396923002178
54.7790027844122
80.5610499396116
-21.360028959767
23.5484866068106
-96.157765255857
61.469272649155
-13.4123192121988
17.5305800681437
25.9223155039971
85.4016461154853
-76.3129607396678
32.6590463184835
45.7379313186851
98.4059487250298
58.5483794953188
-52.9661128301654
74.0610554359824
-40.0037348053259
8.03578103153011
15.5532503801599
-97.7835592303477
-15.8595057700899
72.9777249983186
-72.6882820175028
-18.9384693310161
31.8172884029879
-72.8816711764443
-41.9188590740073
7.4104494433564
69.1156888279134
-82.0352246966817
9.89842194748336
-57.5037640710173
-98.246967862306
53.9636314754352
-9.74829422792138
97.2660166031973
16.8159622258252
-20.3921786707648
37.9788815589805
15.3039275173496
-61.1678409921304
10.2507240076156
-22.1543482752872
42.4741149371838
-33.8387794682669
-88.223317773227
-36.8740805131719
-66.9650807834364
-95.2195308998976
-72.6276805611758
-23.3397389030599
-49.2056091624095
-83.3485114179856
-30.956993409734
-17.971861091098
30.8803748554294
-68.231121203776
-61.0864188077512
-51.6410001786213
-71.0023995405185
-95.4860611551109
24.8780915037771
17.6808838883562
35.7770351888148
41.1248682230001
71.0468813766125
-17.2716509145169
56.7172029760605
-25.156325684753
17.5482364500479
-28.1946540470775
29.9806913510603
30.4354795347416
53.819072369491
48.832347259769
15.8836825072165
95.4733977752106
-25.8353903188638
-83.8405887299734
13.6176284850724
16.3634757058131
-24.3005540450718
-11.9709904812638
77.2830030310555
63.8494379387604
-29.7058286148168
-46.808748484418
99.2391163086445
90.109328793455
55.5987273829482
-46.9507331939415
77.8152873033478
-63.9673463080044
34.9284161396242
52.6132264631579
-15.0779162713629
-95.3755336166761
-60.7351493508464
11.0652548950354
40.3316020271906
-53.2287985023767
4.57652852672787
49.696852803791
-77.7721776320862
7.87213192000391
14.0802227634505
-71.6506824862159
-10.9158020247089
44.8239448855323
66.5919026078227
66.6680814514984
80.6884618711678
73.6857529886587
18.4244142644252
77.778974309468
-0.133903668467127
-68.339934600327
85.2686729489118
62.3109075587761
-64.3257927016068
89.7873088819792
-95.0597757320153
9.06373625739359
44.4775071523307
-39.9684932900524
-99.606325495977
-53.5749016597671
-52.4898113035052
-68.596166787921
50.9570175060685
-48.3930841744655
-40.8982020596511
7.46085677951724
93.7753281834523
-59.7256262407771
-28.1965693661488
43.553804730343
-87.3028384030553
-72.8299807641119
85.7989061115994
67.777503506392
-94.6798837094592
-77.0320134446189
-29.8132335668442
-30.1090648265817
-29.9836654264591
88.021283554596
75.0843202632252
38.1122882595608
70.4830871369664
-7.30394876349345
-88.0348883963423
71.1348296162066
2.84563034536276
24.3709674281499
-94.8891398588769
-49.7999294217908
60.7554807755407
-29.6311397549504
2.01451130978884
71.8071195874493
-26.6383845961087
-99.8976148035457
-6.2066988699532
30.4242733448461
13.9220437430663
-17.6734247148846
-5.11029733846118
-38.6570944949688
85.8120301573664
-74.1840744165405
-15.3187977223347
46.2628406078609
-44.6385514413617
-21.7233492180137
67.8728058696041
-90.9911340983668
-44.4339484519628
-10.5462994795635
32.3899181954918
-24.6803111828736
24.2209346128729
-68.6706788323805
-79.674717871002
78.5891357009808
-82.1295180091283
27.356300380706
4.66836992400769
41.9698328190329
-26.5942788211998
89.3699782813047
-93.6939196442859
48.8030693550903
77.0775779914395
58.597020636356
3.19647566809984
37.5144457171579
56.3126426779384
-69.9461128301794
-60.9539080528455
-53.1920142459435
-93.0977600853515
-26.6035075431744
-99.7081078015901
-25.4384759590601
-28.4061295007686
-54.9760708568026
-59.0513921222011
-85.8129302561475
40.6882092131208
-88.822381988819
-35.8746645268436
-81.7773845385253
-24.9284052259724
-30.6196106880173
-30.4873395713426
55.2061787691611
-10.3567549373476
-68.7232872820655
-5.08613531253297
55.386484041346
11.1078381161905
-48.4191819922643
-45.9021784086847
-60.7108286135132
-25.4956760428408
-69.4463021590291
-64.7421915824588
49.6179776371669
-84.8362579673649
-55.3805456561942
-51.0124006589182
-69.5045070032971
45.9017082031024
-75.3991363268967
-36.1691657896483
-13.8371851547585
-54.4368250713334
14.3575803625954
-84.5597471319202
-25.1118457955633
31.4561402733364
28.3041768797089
-3.9852829637731
96.9092420467671
60.4409993243396
20.0061230383774
76.3533642263448
-45.1787351489135
73.5878862230012
-0.539872790127006
56.420642527008
-63.7829510928703
-16.3379276650973
5.86312352674231
-38.3026715606147
65.5394312132526
72.2863520648908
-19.2792166183602
58.0567307228961
40.5771164032084
73.4453437855768
31.6711499260034
72.2287991011753
34.1431473967936
87.7392166278726
-31.0052427667078
22.200745289557
-82.7624292314772
33.5025584787714
-55.9697836258286
6.44699204401982
66.1750709486122
-40.0300993001026
-82.0711625127457
-82.5072947973622
-96.0242358279275
-9.7448072981983
43.6752926411152
53.4760601656865
54.7415745398476
-72.4290558401419
89.6792060054849
-90.9695998225409
-6.5544241479549
6.96077025336695
-32.7910036671224
-6.9837083340104
-58.5945712790193
-28.9316152611561
-99.4645031760837
32.6065264786897
-87.9275883656286
11.9019407171154
72.9291286058295
39.3965818265898
56.3676862652307
91.8125931255823
14.2139086439176
67.7664998507289
13.4986541249499
-46.8741644768807
30.9319620441863
0.85760487718936
0.988626550274361
-53.2913930774847
-79.0815606172298
-62.1728518293172
-37.3249554128278
95.9147893192006
18.1119586793251
-80.7091701194476
-87.3582707018455
76.321781554787
-4.15360336305997
84.4184168487056
-14.7049428514567
-67.1769810576595
-22.5629265598421
-68.2685510627125
84.1128789729165
77.0070757464022
18.2288670975406
-13.0303257017214
-5.33832352042096
-6.60361048413475
50.9765909632092
87.5005441762498
-67.221084958775
-5.9507186492647
-3.41239156610702
-44.745590817433
74.7675454870511
24.5979203437531
-0.444801892231993
65.8085149209435
96.9267817580669
48.6748212625408
68.4648265806528
30.4825835689493
-20.807075219734
95.2235017194814
96.6843118413244
-99.9161085031747
-48.3769663487804
15.6485865321889
-69.1228141619085
-0.315459471546546
46.4222028297936
