49.0328285697332
-66.2140137100222
-4.29514694345738
38.2392047896611
2.18330743930537
65.9110304866294
-67.7968342558306
60.1372891830494
-27.8343179789618
-33.5215276301708
37.6677053780313
89.1678273454063
-13.6793121534863
-85.8681189788746
5.28645332172673
-46.6109294504888
-12.6166490646674
-89.8805442285176
56.138245062992
-70.8693137360789
22.7743934304556
92.2154185315601
-97.4848979028078
-12.9325261511184
73.816030011062
-32.2392634619911
-68.9456958632751
67.4058151552147
-84.5727609225558
88.62759312176
-91.2696730191982
32.9774247801434
44.1918276054392
13.2469527983596
-14.8993646844944
-79.7490450351993
-71.0662883113334
-43.8364227925848
77.9927960711489
-52.2995592686949
-90.5240108710248
86.9628284923935
85.9794531794876
-1.50919092317488
78.3628585763987
64.1434701482669
-71.5219901883003
-44.3166606751421
-22.666271933947
-68.6579906502347
-68.2665434479166
95.0788725772192
79.0080148218575
40.923172833764
-65.1360240671735
-50.1693116677079
-93.5072753637131
32.4686340672718
78.5693268727541
41.9097279204691
-12.958971622421
84.8798207969085
-79.8726079362303
-13.9474465833881
57.6311932578182
-97.6464643698005
-94.0804045751811
-73.8438481234669
-56.625350627711
-82.197850503257
-7.43536049056401
81.8046899016298
36.813700348154
85.4018653890967
1.25848641123309
-84.8956989700682
-31.020108597703
99.3349292222614
-42.9438643389189
-40.4933589432497
71.212356610485
17.2461728895303
-78.6627965293594
44.1850328242451
47.1935952882297
-94.144743053726
-51.4274896968973
79.1160527621961
-49.9559443042676
12.58205206576
-78.2177540131921
35.7970427727136
89.6649631642669
13.3505398310171
67.8654781768942
-4.75638257275405
44.6032464331604
48.3492080419161
99.7113872111024
81.8558820926336
27.0413497848063
60.3397751338227
-97.6754016048594
58.6067577398466
63.2277899109992
-8.82474297679445
64.5991020798928
5.59602913195359
61.3012671596976
95.234410583365
95.2157187941931
-67.869938055409
12.8256687084666
55.5686051690415
-20.9928799974758
-58.6591980883562
78.3963652987088
-19.8066232100278
41.7991141600669
-29.1900817409479
5.20027077593268
24.6167285784504
-8.47719621595648
-30.0679987698713
-84.9453117587835
-60.712892059896
-5.00806870308347
-18.9457648356014
97.3887203587588
-1.98064145838237
-87.4397880310904
74.4136590886039
-13.7447131315115
-79.5560493980408
85.4414232511918
2.90740682790766
-45.8208097913714
-43.4144350301199
-7.66726169747793
-12.7056062777364
-47.7708847436787
54.8247192229328
38.5222870447749
63.5515919311126
-98.6999663793844
-23.774494957137
-53.7058428015225
30.5345752417291
69.9359918543675
24.9116033010424
82.3008723356185
-36.197946000668
-91.8163080341848
88.313230450901
1.35872694823466
25.1102334673113
73.6220209049146
-48.1176300646692
21.7220030863089
-32.5513258035757
90.1797409697205
-41.9864044520657
-56.0077435940772
32.6803583906584
74.4147691847121
-57.8899170882129
-71.8496577574271
-3.09547141994561
1.17898820537306
-20.7171847179584
9.64850956328655
-4.69986020508001
-53.4828899810142
-80.6713632875673
-13.364306149326
-80.4877880027424
21.9874644786537
-30.8572872731109
9.29214250754042
-33.0817106400024
-52.1423856216327
11.0797277255732
-79.8711664211603
91.2131210400528
69.1950432492775
47.4653945442436
-52.8350120229256
-43.466589196979
65.268750439432
-55.600117234175
6.14638389904299
67.1805534068888
74.9268395776897
-45.4446711184385
6.50785718743417
-87.1158039338665
98.148322011596
80.7854762207895
32.0054562599335
-52.5472698719191
38.6837978452473
13.9151661446808
51.0535194906596
9.92501798861936
23.6368177910831
-42.4557867081524
-57.875358359915
20.4011856989172
-98.674875298843
95.4171737915296
-87.5990450200792
-45.8084316196567
-98.9172906694418
29.2289361977342
-33.0108239998083
-80.3856372569654
-8.32388449671531
-0.307027035397468
89.4596377489181
-87.9247141425597
55.3595134324541
-83.4844807049312
70.6868614930007
62.016123845006
-56.8889774887983
63.3696991898866
-67.0062768096391
4.85067519628215
31.5830540695822
45.1562121393972
95.2415552496726
56.4164182630788
-71.7705387688376
55.7679701339713
-87.5885131887101
1.2223006192723
20.6974384721575
75.6799573845686
7.0931183932875
2.75290241259754
-11.8579498505542
-73.3273916113921
33.9453141206473
-60.316278021055
1.85192506553933
-32.5056196365074
-98.2624058408064
-92.6850029228013
-2.49665486850326
48.0779463533332
-72.5702354411215
-16.1845828166546
55.4265583713369
-96.8144354806039
-84.9610626914893
-34.980298271455
-91.852209074695
21.5001083809851
-41.7910157049077
19.9889436987142
-34.4019746041544
33.2129666921433
16.5443321391546
92.1898746792233
37.5652208236735
-72.4799968628457
86.9966770076286
-82.9331792851479
37.8019511559819
-88.9036446267901
-42.6914336197237
-52.2887280952021
-76.2838846166406
39.0462116264221
-5.42954242764667
-32.9787824596535
-72.0534666880676
96.1918370336871
-56.5439727903832
6.54070354933445
63.3094314007467
71.9184571518493
12.5828970678092
-67.7645031413335
-20.4652643738392
-84.1520132293116
53.8285158864762
2.08602420684261
82.1580093983755
-22.5620180890581
-7.63351753333824
96.7297428829636
35.6987042147197
-1.0606898077024
26.381724764788
-22.1003906781872
-23.3898739486753
67.4134594573652
-10.7877215314118
3.01614832478103
-98.108524122844
41.5428360565753
11.7305515323589
4.68764419386969
17.8320325231921
-62.6364539486879
-42.8566202434345
-4.45164923515492
-7.63920128698545
96.4722167424582
-69.0901552380986
-23.0523977035899
57.8660843141866
-34.4028930727355
-88.2378929009767
7.99689783650939
-48.3781652520755
99.6659372126722
14.1113292020078
36.5639664978454
17.984293126946
67.1075202251173
91.6403339780293
-77.7561393617741
-71.9113238667173
4.08862377297361
-74.470908842285
93.914818781202
-7.28776887817625
60.2522386440569
-97.4024650055772
-82.0403873296623
30.6684048727708
62.7736236222499
-29.9504908394659
70.947778577105
-34.263867845775
9.86670071422017
89.5662840446622
-97.8400840851123
-95.2774902323977
85.403351273767
-82.9092732248635
73.4676140293934
58.8709043240369
-84.2224613995951
27.7908759743336
7.25715115226144
-46.516390889636
58.6589247461636
53.4700456792616
39.2232139231307
-77.3831910640882
58.6875524080536
-73.443687799488
-19.4394244548446
-53.6612275393458
-80.4606922110269
77.5694462103357
56.452367887694
31.3992590322847
-73.1984051904978
62.8584324846215
-28.2220110469245
-21.478701570671
26.6988836940753
-55.0996811271737
-40.2614358044957
-13.1685120008458
-99.6976258800973
24.7113755209075
38.1054133455449
3.33773509200212
81.5354482601293
-70.0279620932887
66.068057683786
12.504902797054
-39.4533949463131
-43.4600649380597
-21.4833114576631
32.3304337989812
18.7177719490784
-22.1004434218614
13.4113427630003
38.1838948509084
82.6360200878908
-74.3929076041259
-86.322775674208
-23.2975954257616
-39.5352625822272
35.1068842752812
90.0194046895835
50.1089296176898
93.01401475604
33.8170780981108
4.93133911672297
13.7527644115299
-81.800653388565
-20.0447405691034
-29.9092372689734
85.2614145116021
-68.4857415898578
80.6854719485394
-54.5851762738718
8.96614527693944
-9.44168388773204
61.5463425314633
37.5791384032547
72.909846474549
49.6031309907397
-49.0612120114342
4.75775668791275
-91.6703923213768
72.6139053474405
17.6696992038663
29.4667587581866
-50.1224996445054
64.4860856577748
56.6206423849057
58.9372936657878
-55.1047594462233
45.2330955456662
16.882480163805
-88.4754115793743
46.2001875762012
64.36542902184
-20.098485270771
55.3197560184119
-87.6928731548026
35.5519377195622
67.8553591865823
-24.6115024545343
91.3008379415204
-54.2898242777244
-51.9639258192901
-66.4721306601255
-71.2729199000278
-18.9356569982774
36.6505476507315
14.8556325108919
-50.0110176510265
65.6366853966465
24.1371502239862
-80.3659647841021
-24.3767123082663
-38.8485633451283
-10.3377709226449
-91.9641307552513
-38.6972772413185
-11.0034999097054
48.3539896964843
88.3811557158415
-49.1472837507641
-9.69783102964391
-88.2810865544048
-95.6975718092559
86.6783300714288
35.5687962210079
35.7490365987675
-47.0258253949488
-19.409641470505
-72.2225888140683
-35.9709257196786
36.7982866117625
-53.5704451487774
3.32021703455891
-15.7985394623567
76.330519989063
58.8254995968442
-81.4353326123342
88.9102202668283
-99.346329927394
76.4324213111704
50.2165706287512
-46.9131767469428
-83.0733376258995
73.8124058266065
-97.6936198426748
61.8437935122527
-29.7320145060251
-38.5226278375288
-93.3336383754514
64.5756393378229
-28.7684663968914
-95.9592494130928
9.82120899346657
-63.2211166637342
30.9107741627448
52.3378359444755
23.5190147859975
74.7821034791347
-62.583493018664
49.9547466153937
80.0106097934177
-98.8483876101754
92.5174235076446
36.7998382629392
-95.9310921426021
-51.5342723299871
71.6047167717109
54.4266542491046
-83.6854790781894
36.3072090348851
-36.0132490518736
24.439698593656
-61.7973722448157
17.5014448383505
-52.5367811105366
10.7235093343675
-83.9822998070605
64.8009729552967
62.9544124030176
79.5901793645977
68.4181782803334
-56.614791565962
50.584360240218
-86.9101616483013
-0.756855104131787
-49.556065466641
44.2441414674491
-50.9282350420612
-84.3629291897948
-50.4259314711675
31.4743481896033
81.7447614057434
49.7810520738535
-47.7647311899682
98.3772018252301
-98.6105044777577
-17.288304641783
-90.2100186030073
83.3975370312473
37.4006932412966
58.549571429695
-93.4221793825975
69.2880518187054
26.6900982296565
-92.0846551752022
83.9009687733113
-83.6393570549589
-91.6300600108708
-72.3680861450167
-29.7556232013793
53.0347533504879
88.9706885785828
-60.6042418755147
52.4797458973921
57.3611458281419
27.0888524486499
36.8172210924963
29.4297384971896
-43.3859867124508
-64.3854263565277
88.4609903338679
-31.0165053146436
17.7469943420077
-4.18323574649186
-78.7952722421482
48.5719025604351
90.2160561229912
-93.3071851767026
45.480566745344
87.630786374107
0.0746298590069046
-70.2297390550998
-12.3042275323102
-45.2187630105868
29.344648177461
-83.9167735112756
8.08180162103282
36.040068644142
-43.542984482213
93.4201303911183
-67.1543754829067
97.4055515919886
-95.960528575117
-14.9471938475867
58.174122029281
-83.12164508835
-14.1109051013565
-65.6420265466914
-57.5964622823943
-16.5378525291159
90.4970118005247
85.8134625888641
-19.8107225245456
53.4169405505765
39.1507725413097
95.5971140861228
-77.2451697841321
73.1158484153473
-42.2332808725585
68.3117475145257
16.7663121470246
3.89564998718919
8.87944681822506
-82.3663985834406
-19.8791485950224
28.9426184193119
-75.6535118625023
-6.24290049461142
-2.90609840406762
-7.66140816057727
33.26206142176
-84.1913226616783
29.8157596169944
-74.0935416492424
6.14813081281258
55.7547230369645
-69.7606775301451
7.77774882120256
-27.8325863708291
2.1027074594687
-19.1706582795941
13.1194146927414
-31.6702466310564
82.2856509389488
-70.6309145549146
11.8332436831253
44.9153862522784
-98.8385590382286
74.6880358960802
70.6283920482002
-62.2361159307079
-38.5954557465165
28.3372516949802
-47.3507412155765
87.2349604568115
84.8213218251463
2.47609728349126
92.1396162098266
30.4080620753207
-47.8464127995776
-27.6641038847984
-34.0998438717656
-29.0049057444749
-31.6049748900374
-92.6167541321811
-85.0657023297477
53.5158147359274
-3.57543388250791
-70.0953459505967
55.1987635441488
7.1419345223032
-90.7326830924466
65.1155509862029
-45.1008180907637
-2.91140982571704
91.3958385850288
-61.8785004920374
51.940486967341
-27.7238560915221
73.0594039944464
8.9447812458517
80.2170631384473
-78.1552157971884
-14.772316637654
70.9442119840293
53.3620745897632
-81.5876131025674
-19.4495182620039
60.377745319549
43.0082918282371
-84.8981934926894
-5.07851073298608
93.7967625731384
-89.6032141712225
47.7303969697065
-82.9601402745528
15.2655251812721
6.91054244676181
-95.9315909562783
3.24493007326805
-22.1700880713162
-71.1988217303262
-12.3696925230902
-1.33841603398967
61.0384385110647
29.3220647630302
-66.224601416933
-48.251364463824
20.9257616889257
24.1285111104801
24.5910899014805
-29.3223521556282
63.8234755965944
-57.3312598172802
-81.4542708642778
-12.776472385571
-69.1099347307996
64.4626912177615
55.8422574865228
11.3798055902077
76.2243908272252
-67.6942804954184
89.5564402836127
-37.3701443889035
62.9275347215501
-83.7649329295281
-36.1763373528021
51.4542936718235
-92.1431730676886
-56.1825144249327
-18.2787445527938
92.47029670218
-69.9580246166038
99.0922454444564
-13.5065756009645
29.7827952207697
61.7857206729208
-23.100494948889
-95.9958220355807
-11.2600543762267
53.9153408177057
-92.0630108932458
65.7773087508886
78.7635996541866
81.4165511319161
-52.5443982286664
70.0765644464423
44.5605280250458
24.4517079267665
81.9180810860435
33.4842520526962
13.1081343127212
46.3907619502531
46.4837861073738
-94.7896736727875
12.7693113745735
-48.0570662855538
26.8957961480845
56.8277070768828
83.8784482080634
86.020158717124
38.4034503601928
65.3129507534141
56.1179171314845
-20.8519908327224
14.8975805451589
50.9950133326953
50.4306042128181
-1.23617310327481
7.62301508558527
-33.8574979934484
8.35014701106405
44.0300801297778
46.8754224507915
-81.3495825729497
-78.043275542288
3.6205665180629
-61.3990501327143
-68.7582609591589
81.1331700021627
33.0086736633845
11.2634754715101
21.7462633419249
-12.5531168318446
22.9935911938049
53.5583153159613
77.1382099049561
-42.6969437430428
-77.4190488510223
-35.4782766950283
33.6375478741418
-13.5836101366115
77.0576225496226
2.51439743233917
-71.9685649301051
-84.3989846457391
8.41032634440985
71.497792240682
26.0922569000716
32.30910618599
-26.703395106749
-71.3077806544884
-20.8086854217041
16.1449959879587
13.090148328722
52.5148090651021
-3.50055300251847
-2.4626705284404
-63.7213012369196
0.1717181185507
-94.2276474183021
-93.2526094584087
-40.2863177693875
52.7941536595475
-84.2928833473399
25.5721030076064
-29.1922491668607
-56.5410881127596
-96.8190086497816
44.1065664568592
-58.483139397004
26.6472583144788
66.3612873336578
-76.5641897098303
10.3849548365209
-70.0253152947996
-48.4516661060362
-13.5081481991283
-26.4348631163792
98.5955615503689
-74.9451057087389
63.258657456319
-45.8679384112181
-78.4300583061312
81.068834951253
57.9041150066113
-98.835738440637
-81.3775751333426
-55.9423623915193
-51.3423991191294
8.14955682772897
22.6948921365369
-25.2341729875952
-3.13327693460398
-4.22624025517621
-87.0598005306853
-96.8489279129892
18.7764908520888
-0.206554870530695
-70.1995641473578
-52.7987733977896
-37.869399728612
-31.8569942683932
-27.6360703203093
17.2814231586746
-85.3880943133485
-46.668355992913
48.1256307924916
-72.4007577414383
-55.922425355076
-12.3656403379652
59.0131744600907
-24.8309489674538
-41.5890386694192
-44.9922446755415
-68.1800136894017
54.0404745458993
89.0749558260065
6.27383601487395
-1.90652220443172
52.0784574883824
37.72845641029
-0.191118051558377
58.1110066035434
46.7023618532482
57.9224581541676
-67.3152749818383
-82.1115208294696
-35.762991075014
-88.7196343408872
-19.0064786504178
-35.0575681942968
92.3114881115855
-10.8514498677147
-8.32071756740876
-16.003718117133
15.5876611543354
5.7283483748827
31.4867446368575
83.5233676500768
-91.3967912023328
20.3069999696237
-93.4852403347007
54.0372966379825
-57.1153927368031
79.8178767378503
-79.1993879235599
-49.0583765400245
23.6583761211044
-55.1288996753639
-91.8856919084439
-82.9034914373731
-76.3552326790195
-45.3817864152381
52.0301569670742
-86.0534989400007
-56.9984118991651
-14.4164478811335
98.2376677012815
25.4150753872896
-14.2864958855746
73.5122274680676
57.9891887169341
93.5675061130994
39.0967352129405
56.6122339046851
-70.442378233003
-83.5558223527144
-4.79776000287781
-20.1453663355165
-68.5069830478674
30.7412715398687
81.6932386118963
55.7762117658105
-68.4007899280782
26.2299602880731
-12.483029027762
63.1093268320608
-82.5768494104698
18.64125692274
-97.0455681770708
-38.9831827942634
-90.8277771726267
-23.5167703309044
-61.3460230013882
88.4177657645233
-35.9934027737922
59.4429083126846
39.6531575579642
-81.5802385087893
70.5558612524175
-31.7126410610776
-63.2236857150502
-52.8306092241572
17.3367825229765
32.4283310908824
67.652960575703
3.63706304514027
19.9276038150267
36.0528320511505
15.044124546464
66.748138701235
54.0523850467727
-97.0932927441063
-27.7383093993356
-77.1974503124373
-90.4140996522396
13.2625032613666
-21.8308091032856
2.67284592315788
-39.1670547687094
60.6550567354363
62.1740014551512
-37.6627570997572
-73.6038590313834
-17.9280380327614
-29.1673467197606
59.1103658945452
24.8106888869725
90.4728052116768
-70.5365401099745
96.6999948513676
5.0670770580524
56.0566097726011
-77.6824665117239
87.4973221032195
-53.9776751855076
22.0977069513948
-29.5005139122996
6.54802398431865
10.2383296993858
-36.3737205464386
-78.9260100241767
39.5665096983716
60.8618817288716
58.0082031010574
-37.2595070511338
-78.6354689879286
-36.0148048546577
12.4275447851433
48.3166920149149
16.4128243854171
-44.4200056490494
-78.6790175121003
21.8952128521548
-98.3174263762926
72.7820356831199
-15.2931807270115
39.8136994426236
79.4288547422367
-16.0207746029062
48.6632890861144
-29.1352727975942
-0.195127691025363
81.6298735015817
27.7149109692175
77.9812979283197
-23.9968464723677
68.1951770521159
-46.9516336551613
80.7416157102816
19.1666838864792
30.238906830804
-25.9491867961037
-52.1588834126668
15.8056323535159
-90.2824330765272
90.8103834543981
-32.1239127399985
-77.7314862367636
-26.250681917356
82.9337924599239
80.8637913754942
60.9864710595212
91.8483893377254
18.1960777578237
76.9371528164106
