73.2012832033413
-2.76600213687614
89.815163612655
23.8652459196986
0.799765806971806
-74.9267597635718
-41.7557125917602
79.9182592428101
-27.5251791121433
-25.7306663786856
-97.7402930302593
39.7496562910338
43.1159117156146
-22.7923648503239
-45.8364325480518
6.44738804332781
-39.1309517149591
-54.4154439697013
37.4955174638209
97.995082352057
-65.1793225559362
-38.0342512139569
8.21074714390488
-24.1266744427792
-99.1592173342585
85.1406989597647
30.5696973892084
70.5081530815481
-78.4363039880635
62.8940959711686
-50.8649770507474
-99.7998276196899
-97.2417933775843
-76.2485519045756
0.110403291303925
64.8301254320607
65.7357906206482
49.2007396440818
42.7819115066696
-54.3303779280861
11.2426151789915
-26.0334682447793
-7.60752623008858
3.30927112375025
42.6809898687646
-40.6971578835971
63.8431839787145
0.2358737686571
-27.679943014606
-74.0703017640385
60.5203272409415
-50.0640394025192
2.8756158515591
61.5724959147314
18.8345936563506
35.7009174374253
-74.9307650728032
-64.3935609218448
76.9262799372306
39.0964631482304
-12.7044854663322
-21.1543813000813
5.91850702542105
-32.3259371421237
77.4313978741709
67.4417100163262
-49.9810457959358
90.6577840099986
49.8018422127168
30.6786148101923
-52.9738059862563
84.483349802261
66.1748091995915
82.7231479225928
77.0864604858902
-79.159852328944
61.725082573331
-51.5744197180288
-57.5923241784565
-75.9897747877379
-62.014363242237
-56.6870676389377
69.9355446642676
54.9787141019469
89.3487513006374
55.3152760930354
-98.3389308822559
54.9081048143131
-74.7905232655394
-10.8322832378802
52.4359537626483
-74.5471197742099
-29.2657821558536
91.6172121025898
5.95770380328182
20.8480805649278
22.3580898331969
87.9995036801287
-87.7467580875435
17.4371151148475
93.1066547314871
84.4388879975472
10.8985265994876
-24.4178077652605
-68.9097228873463
29.8446783498231
72.7503066114075
97.9177804218488
67.6246410026562
-92.7024619448098
-36.97851822136
-52.9524822599079
87.6470158126179
68.604167834063
17.1735985856774
-60.1376638251654
22.2879625319879
0.0112908257184472
84.5395222621305
-57.9868474772641
99.5000772252755
-26.2379823949991
-39.636358818114
-53.7247362642853
74.2329014742578
91.0199358114811
90.347969505489
54.8610392214694
-83.4780535758546
-38.5790307447099
-77.3965814684108
-97.8820270519735
-63.5519658499838
56.1111137857444
69.6407976579004
24.0141602469383
14.2619776652714
-39.5915981032718
31.4157679502847
4.00729786191137
-11.1050947646343
-31.5310044875171
82.7684131116999
-9.31557216029934
-56.7718027748074
-77.6457560534353
34.9509361991936
95.7283091945745
44.3001619219816
7.98911153124398
14.1757352277385
7.07461459109315
12.2392361583475
65.7504552628819
-8.86429647912085
-68.8686406172038
39.7278410843095
-99.4631979062242
52.3947509478886
-34.1772923532455
-96.7977554157922
93.2818145272259
-99.4951120209301
-94.4577632369664
-27.4106001901827
11.4182168221413
-8.69372185720026
8.30427372422172
-49.1088683342348
-84.8907868139174
-6.25215815454693
-32.1282298014452
4.05831771275787
-41.023090164259
-7.32455782664066
-16.8782463850384
58.2041029679141
-24.0450240112242
-22.9337419917243
-94.8006646315638
88.873392504941
12.7263007334406
-51.2083390874278
-41.7317391006679
73.8449647167895
38.250153183946
27.9994958103735
-15.9712773085047
15.8831398003955
-53.8655492341598
-32.0100104201335
62.5572006454966
-78.7004690783755
-40.9584005016677
-20.3374380794529
36.6387608310034
45.5365703853155
-12.6247832447343
3.53948178543371
-8.21475785089837
-16.6713091154355
15.0879475930077
-98.9328217599027
95.622592024781
48.033085554166
-96.7317191173314
-36.0558598751572
-81.4603999612233
-86.0884084610945
-55.444044143283
-40.3306992751894
85.645514656845
53.326976039117
-95.2113859233352
48.8089235073126
-56.7258498241455
89.5107138754851
58.208430656624
1.67753797809682
-94.8234037085217
82.5334205639382
19.4830208738058
-18.7348381459444
71.1049004990189
-27.6138242771785
-32.3777802067175
-47.3701516145979
69.4672366622318
98.7776711009865
55.002245867113
30.906663651349
-64.9642123754167
72.3335711008774
31.059069934839
-67.7241380379498
18.1720589811687
-57.1079986514365
-51.5933575494684
40.6348012942752
-89.7891251871692
4.02997632338473
21.0724330557559
74.2320462797358
61.5717488291571
44.5580957431717
36.5145661180927
-69.8169441981344
12.5254256724786
-19.5249085672022
46.5578465566491
-83.2655758944777
7.29914751858618
-53.0382114826345
64.436480272186
18.0698651764692
44.4761609088259
-14.318115431415
4.08724055723285
85.8588055078851
-9.90323414044406
33.4006688878416
29.4453712599289
91.5329542854113
-7.03601467789935
-83.0575677167851
45.2799086471975
55.4979327744549
-48.1970353992862
-17.2727270004563
-53.0602806047689
-35.4177838300183
-34.8096608482438
11.0421325659433
61.9312813691356
19.8861878785872
-64.2359622674707
-72.1462314429827
75.889168985811
-72.2831006288719
-87.6165209913683
14.2761444766395
-41.5331120562587
-20.1581329738656
69.8791427554547
89.1345342864158
33.6996947781643
-15.9466945271979
20.1366276242831
42.1664081798044
-11.9730641627084
57.7663896422334
19.7506228501263
58.9629718845495
-31.6785238686029
-77.9039070476697
17.3913167506662
2.08543237942447
-73.1396750246924
-79.1802027054733
86.5902389135543
-78.4293176949248
54.7200628858345
61.9177014165259
63.9983543986441
27.1254690333426
-82.4361738242842
-81.0589974109608
57.9745151696829
-3.65127266427824
28.1534708460698
-60.8620855762132
25.8691497869207
55.8367122701646
-25.2896533161963
0.902134171316064
-82.2758906668898
-3.8893018123449
-30.2490988720676
-70.5639862979398
-10.4631418856835
-87.672818877857
55.8875964147908
63.8254283788689
-62.1471553432425
-42.0727790083507
-40.5205412549986
-4.4523444606116
-92.1464888409663
37.9678653199721
1.86445282949168
-30.48148164359
-19.1127802221986
34.46032485681
32.2282323601694
48.3283682735277
21.7485173502922
8.11284045444319
-53.8382430807165
-39.722761532803
14.6133809059618
-48.1303066298075
8.2756243111743
-13.0992191016843
-99.8231555020931
71.0772933709463
-31.6543287514164
-45.6318263135057
74.9901059867086
28.4629720459006
69.173332617825
-41.4079500057754
-71.0335252110104
-84.9315454331205
12.4656946996141
-2.58057989050783
-3.94468101676135
65.1763534097569
-97.7418836319181
34.6725453080228
55.2592174238733
-71.0920858704701
-98.6363335464803
85.3289511960026
12.517247551441
35.1670942503384
-62.7261311087206
63.9471471162979
42.2025060646727
81.3252004595979
1.18115983328404
58.5421111288039
-59.8081511938033
32.7874364294426
95.2479498418536
75.036595956663
97.1755706243663
-18.4801618194701
57.7077203678942
85.7294398643056
18.2184011925614
-73.5858109125403
-23.8007635606521
84.366942745941
-34.9951855843509
94.9947240606256
78.0591312821434
-66.0420714256452
87.0246799612355
-44.9584032214468
-56.6902736125074
19.0461532433477
6.68690339889915
-80.796713825728
16.1510581866701
16.2275882223529
69.7681259919397
-83.3200532837568
-84.5078526233215
-82.197381420239
43.2893038958903
22.7269779534643
-7.44961054303191
83.1373150291259
-9.70372086522747
-64.0338024196795
-59.0856363191719
27.5834325073391
-5.43626917186324
29.7838468500827
74.3565066111021
77.1958285051288
-94.2640614331317
15.2323487031441
-85.3212150986747
-31.1294759697893
-83.8187435229623
14.3467268803357
-5.28293128093298
-89.1736417601053
-56.4541965752261
52.4689573267843
64.2571579062914
-50.6163328767656
73.5938578677986
26.3196101271398
-98.1892993770816
78.5566972896663
-10.5871366229326
54.9655802072843
-19.0049488372135
47.3143783865418
40.2910725878143
37.801844992135
47.2287679206835
41.8702451574101
-45.8147391257611
-50.4611385622497
-38.7269291044751
17.3877950306094
52.2628352586869
58.0940166651803
-89.5430950833448
68.3530161615024
-97.6555493189704
-27.348207860232
4.20380850219921
57.3114725437376
-32.179987879842
-8.98598048771298
-63.1246800023365
13.8331079568325
16.4574929857578
63.6143141034391
-48.0426133293164
-69.9521873202315
-16.4054413553236
-98.3072686370716
-21.5502255151747
68.3887043286719
18.0640369618064
-37.8190255073626
-2.69235948205105
-35.5693854289516
29.3135149863651
-52.41904547399
3.01660868588387
-40.6198481685159
30.3935477340966
32.9529706040273
49.2835262688396
4.04719286546253
-85.1124373279804
-13.6615370066312
35.9991723144003
-92.3676856308814
95.5968765317319
-88.2291817766462
-6.14270399622356
-14.7106536685908
-59.3939289506151
-39.8584346021357
43.8804630060571
-18.0463618417756
-76.0031869449043
-58.8390038725858
-79.6312246336739
76.468120367968
-74.9956559173795
75.3904688612843
-96.6983434361079
17.4539929816478
72.7359669432376
49.1476933041919
-61.7130215631433
93.9812945392633
-76.531091194433
-3.82220217026519
-25.5586043419691
-5.05597373831021
15.4033192209063
-97.2732007258116
44.6904084772565
-56.8076931715483
67.9862819789366
-69.8944639207915
93.937454263908
-35.0745405207358
66.4414555626709
2.12607925476853
-57.1943255080843
-49.978362530382
89.6796081360966
70.1214766221975
-37.2123693147728
1.75405876325425
-55.9244081343635
-62.6735917355505
83.3778818387655
-23.7404580577521
-76.9524636083915
48.472471024587
73.461163384215
-20.3677394362767
-8.04488699658818
-18.2309921439128
36.0667644211814
-52.4891441895727
-67.6701352896598
-63.6234620509596
71.6535685301249
-17.7621238502668
49.4916058872464
87.2421644892021
-20.2619479329675
99.1718183395588
65.1579398737526
-42.428020831166
10.9114368467771
92.9418718776909
-18.9468084651355
59.9771420162723
19.7713989000497
-62.763968835618
60.708882794429
-96.0533063712437
4.08386751895027
19.5996333264481
85.4710043290885
47.8945017752907
-42.7256958051055
-52.6904026792629
18.6446890574452
80.5411553665171
8.08027674109255
-90.0821614621512
54.2254051308282
-59.6980988946521
70.3256212475471
60.8242155135156
7.82981924876714
-0.307221618975859
35.6892718696813
95.8716166920927
-44.6338400463226
-78.657843697867
-65.5719613829756
6.23417485455393
87.1707270475144
-6.5762878055132
-14.1946970287721
98.2895554991488
61.930950396567
-8.98400156326313
-76.4025004946953
3.28909943266397
81.2557006872664
31.9172272803254
54.9582039385688
-90.7714693214102
-62.9511558095361
77.2785683660661
-51.5229740641265
-36.7444225985191
52.5681933195587
93.2616819937362
-17.7198088485394
37.2206274128183
-14.966486937964
-82.6929321510795
-65.3076882280067
4.65870087522279
-82.0811210457137
-49.9970376697745
-3.63325651563771
-35.9260213511633
-48.3632195125352
74.6198202490766
64.7645563705277
-87.6745962648387
-99.3047984363599
44.6829262635109
-14.8216979005491
64.7019696314864
-27.0793317829746
-34.2332905575482
-33.0623211144266
-52.1842423664365
53.4267513391548
-18.597093993229
-25.4152389762344
-44.4833223985523
-76.5507710786834
5.979284711942
-2.179347575112
-36.733255762865
-50.9862516293887
-56.3259098842548
46.101553365462
-78.6743976754204
-5.92200426169045
-91.4263234497518
27.6622275197028
-97.3479431480891
-28.7713963475043
50.1462106247853
-8.71667405322513
-26.5248174282305
-25.6735789922422
44.3644649453148
98.7815895702677
33.3942529697716
17.4837424097897
14.571914691747
44.5932101496471
-67.2753251502812
-94.3612414022609
76.202416500181
-91.1242917524364
-4.63107206103676
31.2835289382095
-33.1095475039651
-23.1644885824913
70.6541345296366
14.4200569063083
71.3939261185711
71.4542071910569
28.1620845111599
73.3413360739481
94.5764612547279
-88.7235774771209
2.8081453822311
32.4603628985667
88.4038987402182
-88.3423871021018
-10.9988810870727
-89.634653097837
-96.2649671406667
20.3061832684709
91.018915503418
-40.7298455262248
-58.6723466191114
6.71944286489807
49.7370823738435
-82.2545516737808
19.1651861322416
61.608634554047
77.5370223705357
15.0827616578015
72.9924287848008
-70.4575795023132
-86.2402170723069
-1.5067050475545
46.3509616387966
50.6647615264639
53.5344828640386
-71.7226482277958
25.8308567831567
77.5902807520749
92.8626408248874
43.1998583524406
-20.5846268091242
73.8449870338326
-95.7526116290034
-38.644492957453
3.3819502048984
-87.5373847593742
49.4778862630162
-78.945990632207
29.6201954813436
-95.1524914814734
6.34383880850025
-83.3878713415633
86.2634659868604
-49.4632090579694
-45.5633706832221
75.2499214884263
84.4966607959259
23.9386680181783
-56.9522642075747
-12.5034091817729
-89.5212304331742
-69.7195986233628
-6.64099269122181
-14.4158724416803
70.9243544778824
2.13150695487965
-3.0843886400317
-35.0893399306002
38.2716395896264
46.6272147553595
96.0759117222259
63.5789975100125
-98.4745117189334
46.2118908761537
-47.4109130384074
-47.5687327778419
49.1496049696227
-75.2206253477352
-52.6815142646069
33.4224051201233
-57.9796949779659
78.9234898348491
-81.0103810054008
-95.8492023245417
-93.4268209789894
-26.8772650788572
67.8177673577033
-22.9082186913693
43.567129505752
77.9516081069046
26.6036487219469
51.1764716752016
-44.1374901056114
-37.1888531929934
56.3689887599245
-33.0370023281659
-85.4901958491311
35.1561258672743
-29.2303466895151
-14.4402922871478
-82.5666729964702
-25.3253113929487
11.7919005530703
14.2273862451392
-31.3449251730318
-82.4941786535318
-9.12162160733797
-56.958858359007
-25.5791825541194
-35.3566822670922
-74.6271353646122
-59.6850728830086
52.3337898747315
-45.8705179839017
-4.40469619305524
-91.0674666527545
41.5435475364783
-59.6404622457098
10.7986570373046
12.2114323248337
-87.0274579886697
81.1508935508692
65.8791861759203
-77.1248795053878
-58.2989186775601
-69.0298665810846
-82.3028558431369
13.1173067489805
-18.2328781013913
2.54295093466499
57.2624957768539
-46.0997089424329
50.2015285593865
-41.3436356374339
97.8331412801929
0.458954556002283
59.9643258738099
82.4839889605767
88.3263747275038
-64.551864311542
-93.0854685272663
-62.0408430317169
50.5681052551911
76.4930194439477
0.6107298586642
70.2803700008582
51.6310997021813
45.9182426071063
-56.9187901964498
-88.2315344076255
9.84126088058875
-98.4520187275841
90.5996551034293
-60.5522595650047
81.6399489775498
-68.4323871607312
-53.6298694187059
3.49060104550276
99.946813487425
44.1430477507772
94.6454235121972
-42.6744729370557
-95.3023955017898
-60.8509532242966
19.5693878644868
-21.3802532283741
30.2188336717447
-82.0261075243379
7.26015266486519
-99.2879004152024
-96.3078196133673
69.9376160568034
-89.5411968649867
-2.00434191204928
-49.6617410863617
-79.9987671227042
60.649545894416
56.2336309063718
87.7833820124104
-66.7150358279839
42.9751034040296
-83.541838893753
93.193144929864
70.7773694153267
-55.2547856968451
56.8715212449037
65.3777121494826
-37.2114005852698
13.9804839891937
39.6334757317406
-43.8214360553557
-74.4065167203775
-34.946020272771
-30.5338463182546
18.0973694978908
28.9591013544929
-65.9506187730894
54.8617872276059
43.7219248966008
-16.9346606557604
-77.4384345548574
-67.5451656792161
-36.4603036058676
-40.176049216668
9.31446455806892
14.3279672606129
86.9129940881744
41.7300101481473
-80.6617424467957
9.8864087429869
-70.4918880577727
-83.1647146128497
-57.2545362957353
-34.1967019340058
-75.8883669722185
93.3409438716512
-26.7224203276055
-64.1960699245911
-41.6613065331688
-33.4017232703474
60.405159852187
-69.4040761668995
17.1470402287492
35.7140385049845
-27.2043676642208
26.0607831224083
68.4943398663731
27.0087498856221
-68.3853301856497
57.9086130006293
-91.2252029936762
77.4846697056721
-93.1898913969906
10.781537305003
66.5997744009571
31.2906875227685
-15.832585797227
-28.4664205295225
50.9825729831538
79.8529751464119
97.173353352029
72.4051137979641
-52.9315180810692
-60.9882944510721
34.5174244214983
-60.375113518527
-20.1740870262056
-93.1982803043177
-1.15021498248093
42.0803931086931
15.1772255720005
-86.3360461557661
-5.87935107525603
20.0582988158656
43.6587990119697
92.952688819547
-95.5828193813834
-72.7262884911936
23.2193243768782
-94.2818104395998
42.8612864405938
-75.1427023045924
-81.6437825192634
81.7302597044814
73.4056600378085
-83.9264171695669
-98.9103338649248
-53.2006928214626
-47.8452210559718
9.4583509550064
15.6623813326863
-55.0231840316492
99.8417388805028
86.6333766160127
-90.8797934123346
-41.4449706436315
-73.6762724555673
-58.0476581928578
10.026827433708
68.6493207823955
-0.287997978398835
-17.0807806655406
39.4998280108925
-71.0591796213542
-23.0798241802784
-87.3477539713251
-95.8873644045418
15.966294346024
-78.19557710763
-82.8858004857404
-54.7202224065436
99.460892814555
-45.7997203911629
-32.1899544741118
-9.87404493734778
26.2944013578952
-47.4935392728766
95.1906164472495
62.478291363751
-72.414255515312
-24.7335580459418
-84.9469843639951
69.378280482374
75.3060000298345
-60.1630352312433
13.1486597437923
-6.6887266792825
-11.5848994782678
5.26600675244164
44.181269833426
30.7266743614596
83.9303576810685
-65.8010165232985
-88.5419510535995
-53.9724290315447
33.5258366086835
-90.1719000938895
-39.5450032032321
-35.9380799212924
-99.286010463054
82.0651168101173
26.8481259126302
25.8160356592875
-18.8618543379857
58.3606036774643
-71.4810237732735
66.7144727317134
-18.5884966769637
87.4662991496614
32.4365144131284
23.9914354487449
28.5449973506819
-98.5435936055623
-61.3592547994216
84.0397457912565
90.4736523970703
66.2996218696111
-21.398712842369
-81.8714506955699
-34.1770389267514
81.7848342505734
-9.13710358935104
4.92103490787524
17.7129565452816
40.2428090726848
0.735700064027412
83.2931755766251
60.933182053685
-88.2568490390946
62.2309623203448
57.8457092176537
77.5577603458924
58.9768512344244
-31.954692570265
37.8044130748546
54.2141115706058
-62.5791523745026
-62.0715959851973
89.6390266606006
87.261651579113
