-13.1388843745259
-11.1367536255052
-32.5320972472004
4.67037975512015
-46.7603360734136
65.3140045036836
27.1927046490426
-47.05734335985
-26.9545385962954
-45.2885392973791
19.4505809128767
64.6959849258907
24.9329262605795
-65.6914186958174
-16.5458061765502
-91.876803992483
-20.7476390253891
74.9604585406819
3.42084187506477
-30.8438376218611
98.7442596923951
84.9005206944349
-92.4192141727452
86.8881103600474
-88.1927026723656
-19.3888157454425
77.6347841391032
32.6560410663295
35.9259085194132
-28.965809406097
4.84648869412901
-88.2174152161102
-74.5472842063703
5.77930941170639
77.7289951924484
-29.7288841522294
4.51651502302333
31.3512963416608
27.5450343177987
-98.5073033870708
93.1695674055509
-59.7401161512575
40.3304779656229
63.2360742700543
-58.9030377436667
-66.7098555726992
-77.1169559279541
67.702575147142
-58.575923509874
36.0391285108613
23.7378421077246
27.7087802878293
-73.0542274398056
60.0216033504064
3.45568311111539
10.8827415475142
87.6645704128445
73.4623270350291
-84.0963155556053
-42.798293407673
-5.01266775241287
-91.7004501048179
-34.6038974940017
-74.6852785770953
13.7974298347876
94.8046369934901
69.6055154651781
-53.8951200245852
85.1748364259445
-96.4644327179585
-44.4058341474704
-60.4012197816422
-67.0692516328402
54.6116659129041
36.0009060818886
-94.9158970814587
45.0025047460663
-77.6974359077381
-95.1124733236113
-81.6355970704736
76.8757471471487
-94.7397316401763
-4.53097762166324
-10.4809858040788
74.3359934897643
73.4347594914708
-49.0234508224385
47.3675750674963
51.6695050157368
72.2996091716058
19.1732455225671
70.1012940187646
28.9012228889499
-96.1770586664617
-69.3742374371348
73.2178346318181
74.4524978731015
-23.2743628593833
-32.3542104428331
-40.1959688622638
62.211895656847
92.7710575162843
52.1903734454055
63.6029658516449
86.2782479476604
72.1549240515901
-73.3217147881699
-76.5768743318886
30.1476189588212
-97.2517579418676
69.9976116697648
8.18265364519301
-61.2437972224398
-48.3721886169007
-70.5413085136923
27.8881740940285
-81.9599348298405
-53.7855845130406
85.1794759511475
-53.3673003152377
62.5325988599569
10.090151162817
45.6044538807458
-85.6401034376708
1.01248575616309
-78.6769625938418
15.8597571001478
31.6445448671429
-73.7045504427662
-18.1377194590927
36.3901887095176
-40.6012130968533
59.2887897647622
88.113402113896
96.0418327564722
87.7959797823175
57.3347586933484
-5.98999608563389
-78.6320966669258
44.4677852673734
37.651959285374
-53.533192571115
-64.2593935683943
-0.696160455948018
-44.0188572472303
-75.7094216361772
55.8699461320105
97.1853951131682
91.3903173045767
-22.4317204250989
89.1500551684944
3.34568933583977
87.2851485152571
-5.4540119689775
-30.306303271098
-58.9217749502615
-96.152063697432
-57.3388128877322
-79.0254546094211
-42.0728283350293
-46.0239999720117
63.5249494992875
-49.4493121247976
-9.95602445437413
-13.1294105817413
-19.8141476268487
66.364982192778
-32.8684469141989
24.9186401964082
-96.3013190588295
85.5806788770554
54.1823076423182
-65.7994645407683
-52.4149834430611
-37.52772180683
-12.471580260291
97.9076001359617
-30.1416809920869
67.7748893360226
67.5843656083356
-3.66475044063623
52.8630984910247
13.5832974445949
81.91444754068
-94.1842359682927
-93.6245317266682
-51.1858982872638
-63.7357861992864
-36.1139135564283
1.59470128750444
37.6080142619326
-71.4916046966255
-57.7757609368582
11.9692103142709
-45.2434148500544
-81.5219246707578
-99.9771968147382
-48.8380222368231
-72.2919676744105
48.5184542242195
-81.8064107676142
-45.013304238033
-77.3937520623113
-74.0856279595047
72.7749280317465
-78.2183848233517
5.07171804162839
77.9029448147786
-20.1990862067644
98.8533939945437
-50.4446953207566
72.3609975510726
-89.776510470828
-68.541720281828
39.0311473457854
91.0968360018982
31.7912875629997
57.0982925162785
36.865254082394
-40.7609431277127
-17.5880539418949
-32.2918780309748
-78.2270664248365
39.4681481419146
0.422623197570587
-78.9246723382849
78.6488045204492
61.235682366326
56.8488663868686
-12.9824273696573
-22.9193849483514
5.43105359696048
-49.6281672871356
42.9705120052879
-11.0597107043867
55.5115936674077
-76.1198584807999
83.2426303273566
48.4318267781286
83.5844045975368
-38.4380281119597
68.9208054136771
-44.3814467364925
51.4449015317801
74.7300468971409
-51.3165189465202
13.1211613723122
-86.2511083587957
65.884402216452
61.0559056257046
-88.9152266053084
-99.06754694725
-0.519815008660586
82.3641707270675
24.7896103042767
-91.1648471923906
-40.0739935647687
68.9414527601131
-4.85827830747689
28.3580436799698
-85.94561907004
-1.28892671526732
-33.3167509125363
90.6372327974594
-39.5859714776132
48.733041098903
7.94079881363521
15.0681027523722
11.0770375391232
6.62488931205591
27.1301256656523
65.9646535761383
99.6581751425581
-16.752867377077
-40.4968278868899
-58.7017499189982
19.7471848874265
37.6504163689883
67.932035620318
-34.9068726912717
-69.766886454915
-95.3325576527265
11.937602568632
89.0488118254266
-96.0655086749385
-90.3128309890664
89.0464129343355
-65.2357851476623
-32.7961383062943
-51.1386914928893
23.9657645193508
-95.4762382212944
62.8191400211167
-31.5451287069694
96.7097896388361
48.6782152546216
-35.2289985141287
-27.5740635841996
11.7930095439977
-56.2503043036527
78.484064394514
28.0566945939028
84.1675436283722
-11.2241984249927
43.9246761387842
79.7854491881277
-40.3158792298288
13.4928385007046
-27.6924832054956
10.2147058934656
-93.46017500971
-73.478590136913
54.6661184966111
-25.02470680952
2.71912177999025
-86.3071535529888
50.4054963060616
47.5570462821493
-46.9150006409884
-63.2935116961127
-70.3713018100939
26.9787086076168
-70.6924537816209
71.9034083193231
5.1794834405017
94.7512944327158
-47.185060183713
-65.2675300013818
36.7102333575998
-84.8538544776636
-87.1741362953555
-1.72090515852248
15.1630660818295
-5.69624973181797
-41.2078692660425
-16.257286384179
55.9774089466484
71.2828106099448
-86.7987177934322
-61.036745564139
15.1075962195069
99.2165631258328
40.7525682183868
39.7038218030357
95.8800434127706
49.5288957713074
-50.7601837010155
-72.7797279513494
-88.7543823661336
-30.885728175981
-43.7223318669996
6.51964165611926
88.2601503800439
-35.7837423891483
32.3557549027872
6.54209501606047
79.3820158271616
14.4177999008074
0.930448578224755
-38.5474712300328
78.2053148694533
31.3599446526421
-88.3065627590881
14.7403111553394
-1.14925161073963
-59.2265696952146
27.55928382217
-77.721320644444
-27.6524364638666
77.5905558179214
-10.0728189841365
94.8873743374795
0.629821992539888
6.02925095360112
60.8862934426902
32.9479635447991
19.9946697299169
53.9996609131271
6.42107734327828
-78.9182978571419
19.654554399741
99.7117191459017
71.0473982848974
89.2511768687964
-79.8925974768263
34.894390657458
-6.45482125763932
-90.9014546953125
-94.7041551218705
12.3678645173675
-57.8436306640506
47.0565066342935
15.4659413208894
-12.4450676988005
43.8271297553211
-28.6038369661531
-43.4810033462963
43.8315272361349
6.56491699754996
-52.1386016009151
-33.4911278644442
53.9201102221805
-5.96193565393392
97.4293734469841
85.5673190811432
-1.19003927110086
-1.21994210236551
27.5799951417335
-43.9069274724613
11.7897264709735
-77.0013458352239
-64.4096365384755
-6.37053048380108
47.2015343319546
-32.1207809698816
58.6913712701191
17.8774093713961
-68.9260274069537
29.2782797847555
7.44339109425063
23.323668616755
-24.1034982490474
81.6719884524854
71.9273791112995
84.474347541533
78.9689436358492
-72.3486757590451
-7.20683955351973
46.4400249290179
80.5098077390841
93.4705312831268
99.253695211866
5.65116746831829
-90.4557044071552
-79.9724338058754
77.0156035807539
43.3065181152903
98.1812394129417
32.110194843905
-87.5244584122673
-49.4013075959366
-32.5269357145317
-64.2883792146338
-99.1389989670052
73.5665329470858
-14.4484595504101
-37.0705981498088
18.0123189176548
-46.738692988027
-98.5559785573302
-84.9500690437311
-62.6322400219198
17.5893496477809
-14.9042232940771
62.8550731588506
-97.0343795174043
18.9529563131514
-0.634212771892919
-10.2039074695554
1.05949988508193
-7.12019536255161
52.2669859625933
21.845021290945
-42.4249328800127
-77.0513357884265
-19.633340594398
80.7215604776207
57.655185540076
-15.7881027943042
-18.0542746071031
-28.9015096544208
-14.8021950762052
-87.8899352388099
84.4781503941343
24.9911124289022
97.2402841830416
-80.4318696091189
-59.0237866861034
-26.5317229638682
52.3006063255615
-88.3902381305159
96.3809387305324
-12.656850741595
1.32306275159266
69.9761530058992
-54.6161293185385
-99.4022593533432
-8.69609535668626
-60.101985720968
90.762117916953
-53.5091381318249
76.4328768346259
9.62554181469235
3.73287396821564
91.061891202979
-32.9568459245774
-9.25210438738956
69.4390188403069
5.66674830114199
-1.10710204362799
13.6649632429385
68.111560106248
-11.9769300689277
4.53139359992988
67.4108099367004
70.8902845901338
7.82075101702624
-15.5095718098184
17.9064397986891
63.2042004508805
89.8688738733672
71.1926195548023
-46.8590261147784
54.1639846810783
-85.3944083938875
-19.3274055672521
35.8299889863595
-20.1662285367321
-54.9410246178238
90.4802154437135
30.5244004990806
15.129836575456
60.8717880478239
-42.5947360125515
-1.61567132973714
-67.4371964252445
54.2038249431608
12.2093705830038
-87.915849610998
47.1851088631898
38.2023863712004
-88.0396784763904
-72.0251349975498
80.7168500681478
-10.8529317374815
96.7707020860556
66.7973604534557
-72.3442907314916
-87.2293998297923
17.3224064286453
-46.7439380158888
94.2362646280066
-92.5797556206013
-52.9487075117681
95.2599050431614
93.2518169985592
89.0404630011364
-52.2602844967105
-86.4784229043214
46.6291665038729
61.2465620413706
-85.1784965122817
-87.1312105755273
-93.4335116684005
-62.9268444025407
-52.3710943974107
56.7032629794563
-74.3452876498552
53.8112996308873
-96.3765110454742
-67.2981850969784
-74.7792453789482
10.7912330266121
-69.8258989457586
61.52416237679
34.7822890779128
86.67016011419
42.4740932998984
-76.1130456916353
-51.9082436590842
14.493359744609
-51.5001895401198
-16.9979222483054
-10.7049466928143
11.8505051188162
-75.7802061869428
-17.9412512766515
-34.7470431837491
70.3218866131566
50.5844427913138
-88.6964314041242
82.2520350495036
-30.7308844251238
-28.2632108876097
-51.4902399795237
58.2746542625181
81.1801527920357
22.9111874292726
-69.3275908756012
63.0655572612642
-32.1658556520335
15.5539395339684
-83.0444176277786
-15.9987764689767
-45.0184634708198
-59.6217066388966
-94.5689144294412
-85.0930946707585
-41.9263365381673
80.1096712713534
76.0803974827726
63.7979912090894
-34.6744580332296
50.2872876460461
88.8095047434359
93.354857664264
22.5305341869006
-53.4843151656344
-91.4351720679297
98.189367886269
-55.4788205586622
-2.18427249584114
-81.6701791230807
-48.3993700088835
-9.10343575248125
-10.712090947386
-56.245032406879
-33.9462780854608
74.5628731518958
-79.4483924133525
92.978916626591
-0.0464084958945534
15.7738386683895
-7.43397395252737
-94.2135018106284
35.8852056199577
63.2041416252213
0.181127152662498
-20.156117898862
25.7824843501424
-76.257003941898
-1.18578833037381
-97.9531933716111
64.6396797599921
46.4122432096613
-36.2375883960611
-65.9559880529214
57.9560594256509
-22.5158813743362
73.6995570781731
83.925666362241
5.91631923568075
80.1445457404525
-51.3819352253744
47.4295476865732
-79.1792363641895
19.2765828704413
23.6855039675022
85.4725710620192
64.0091197565574
-69.6942729785457
64.3033289417592
-53.0741519750915
24.7468213070112
52.089772880903
36.260443003946
51.6404622995074
-90.787027087912
-10.1505968584841
54.9821586430733
-84.2504058358387
48.9264829278781
63.4800179427974
-4.87088106301654
-16.8715637424367
-33.3909444698852
-10.0092476206273
55.0409359239903
-84.0806020755057
-18.8220950248028
-31.434109004062
93.5351759046037
17.3411430602507
-94.2858677766921
-10.9098385043938
-25.5283953087687
33.8081708091665
-54.1587726888485
96.5174365426609
84.08439704508
-2.0064019483447
31.1136552447247
-12.9002021103427
-83.2334536712146
50.8674198499248
51.955163109531
99.7835520904436
-3.92015725046375
87.2598854449087
-59.2168134579313
-19.4044073304433
-24.9553030610759
96.320153322542
-34.7104455455861
-48.1669551241871
-96.4774733847431
-8.68351942679649
-35.4583528682817
-96.4263225593507
-0.498081256002564
34.2843101677464
34.9894764520864
30.6456219459593
62.3221391567474
38.8030948025264
65.1159152313348
62.3183516500515
93.558119637065
4.52882393547912
59.5480337194722
67.9272603013971
-12.9429267977756
-47.4649785182224
23.9134564769555
6.8499427185813
54.5478547601886
85.5841450014558
-11.7513226857015
-74.6991515849022
1.61249334431008
46.9242778110635
45.3986449010601
79.5482290873505
-95.5916230093567
-94.4820051087198
29.8534790657025
-69.7087388871556
4.17035777313166
82.2895928664336
-15.652768410862
23.0838097896357
-98.1815502237755
69.9703117289909
22.8504173674675
-70.3761901894092
-72.6791674018868
-88.9646931067266
-95.5044151312953
34.8414277195262
-5.18342863972579
65.313045791747
19.0341873255542
-81.7553276208827
-39.0589569326094
71.8521972871231
24.9850815856848
-21.4630377033255
18.4025005680839
-8.35910096368906
-85.5188964956784
93.5331695352239
-45.3064248633524
88.5606663422755
89.4731853934097
-10.1249768298246
46.2141486843601
-77.0991046895022
-89.5840205260153
-44.7125435064557
95.2832891755758
-34.8143875409568
10.1168934727703
-13.2627597795192
-60.4863253830747
56.1281952328888
-81.9445378479664
-86.669824492993
37.6076325997137
-71.4127086317473
32.5006700142963
61.4674308833546
-22.5599945076232
77.9640816733499
60.4705156910819
9.33441245532633
55.0643441243971
45.1651246448714
-11.694574475618
49.643347887787
82.4322596614126
-44.8298584495616
64.1517038367766
-25.0410059373743
-31.6230860123711
84.4781201060095
-10.8606845284968
35.6738591372338
-29.8437307755404
17.2624256797322
-93.986571672274
65.7214399269148
-89.4127623991877
-27.0206301492859
93.6600603397531
95.2204557565222
-80.4737123133852
27.5108208126593
-23.5320061632248
22.1493340875062
25.9729338101237
-85.5411556521495
-1.61200427780453
11.369342883168
-21.5956891451228
15.4066162739592
78.367195546228
14.2196057994575
78.7029088969024
-52.2626333777777
-58.8399753729411
-38.6607138496533
5.86103974440087
47.5295547046479
-20.387481634309
-35.3483821018949
88.2833857014576
19.5732388402617
-66.620345647278
37.6953652509874
-9.05091766467116
14.060520635746
13.2603168327642
-66.0679574278709
-93.1749784956128
-59.2527176403373
59.6660167457808
14.7426142109531
-49.5350700084688
65.1022476745588
-20.6976341337799
-48.0883122946558
64.2258980341688
48.413195373432
-82.4615407706511
82.623578406657
98.8182913960783
48.4306923477671
-13.1934564281954
-66.9399063944863
86.0454983274006
-64.4079449297229
0.265191847537039
62.3877991453387
5.22285189575985
79.5421360528718
40.5415510200372
-56.2135014663474
-0.232392151975475
-16.1554100901491
-73.5811542474743
-54.2494661586629
51.4674375533747
-45.4300567747141
54.2389726546841
-40.9915647193405
-43.9373200424009
-73.9735542010496
-30.3670764604745
28.2566565208015
-29.7179613353912
-57.1868003340004
93.7502625670928
-55.3647639721769
98.7155622807317
-84.2195910782196
4.06285250134677
-4.41027471716083
-90.860163422416
-58.6619104421234
28.6056548104738
37.460424189241
44.6697818062218
74.650143435076
-15.2158242845869
28.2423432345365
-14.111071301246
53.3834355061024
58.1570310745138
84.8612020204899
90.5361827289938
-62.9951460181703
-45.0990471281787
64.525663075066
0.495309675853534
-7.03524764333187
13.4729881206471
-23.1541730972943
-81.668450088981
-26.9008062874357
-7.97773649017832
-33.8896279270665
-7.56777365623537
-22.6981725390204
70.7351725701874
-26.8756431334549
-7.92100643030513
99.7493228726748
-65.0120326043744
13.0773897149342
-16.6681274812747
3.64240903263362
-44.0290147855521
-77.4325094669837
8.08134391029272
89.0697747819324
96.3892831399799
37.1802339491932
-58.6434329176051
-17.275492861311
61.9535138673862
-90.5472212746119
-59.8846969918679
66.8481225645813
40.6536660962236
22.9244395204222
-65.4484049580092
-48.8450608850008
82.5554219377611
-38.8718358484284
47.9032994554206
24.297417827496
-60.5812067844104
4.74469224348235
-33.3362755467393
67.0239386198624
-22.3680911098519
94.6931442133646
-16.6416772928408
45.215295662624
-48.4919355485733
67.4339981896327
68.9457421071838
64.4646044805072
-0.870754849638885
-42.9785150454985
-91.3589973334071
-55.7664839816461
-43.920667551839
-15.5917226579165
-30.8660028112937
69.0915066375397
-17.8416518461186
57.4098006307437
97.0113572436116
-75.1029673863515
22.5683116469118
36.2836099460332
29.1269078906055
85.4624054576262
35.9151083152709
74.5305092756701
41.8417478315548
24.3031160260101
19.7567426286711
-11.5337791127752
99.5173104490636
56.9383209330421
19.4586852175418
4.4330746084966
76.3743525190004
67.933443025476
-16.8387607286677
80.8521872065406
-30.4899345430551
-41.8856327844649
73.283121393648
42.6854892087701
36.3141906482838
-72.3088058583376
-68.7932114906892
-63.2990253578921
36.3260627948309
48.1637172229564
24.9739725443917
-36.5255523205404
-6.28540497384736
69.6421005700746
50.9785426259344
-14.6736372962107
91.7773833961243
-55.3348737709068
1.56385821444034
73.3333450470404
-50.9622597455807
-98.0532138786261
34.6024568725021
-22.3495401221557
73.1728848237564
-16.0588643799792
21.0362099781278
95.5644124771678
-37.8230634983925
12.8140530014882
58.4703071678855
34.3981093767951
14.5076691389569
12.3314926534557
65.0514065953967
76.9645653449148
69.1737654603967
