73.5247707234256
-4.17829050878457
95.4372930979528
54.1323934031747
93.8737085891904
38.9226247493762
-91.0307513730791
78.5805432773358
61.3895155986076
-9.91172195867335
69.0700715950263
72.1625493820142
17.9888381138355
-99.5644554878536
52.4858268694126
-74.8794372449384
-85.7696383214423
57.5334511179301
57.3370170304931
-62.8227409915036
28.5553383096174
-15.3962980250889
59.8355944233185
70.736268191912
-84.8409745816128
-31.2060643094544
-54.7731686181149
-39.2095035488607
8.84832468825616
-97.0850667574558
45.3032879916771
-60.5160158089206
-27.8003766862828
-70.0042528363258
35.8293497914384
-94.1796426696832
69.5882303452196
0.903358500215816
-3.47022248797811
-40.3349990161612
24.2196453462497
-86.8649335108303
75.9799806983472
-78.7498568104179
56.5896279810371
77.4134028782888
52.5808124158817
-87.5212763498345
71.5371878997096
-63.3142092821522
6.59568755146989
-33.6080841975585
-8.86154465921983
45.0444616543845
-74.4214844158921
-6.72605524672588
28.580421321985
6.47085037000488
-22.3766191868807
75.1497802037543
-43.4841633120605
-23.8148637161194
-15.5607073741319
51.7079050307304
77.1036726342084
75.3252296437443
91.9372255043409
56.2204960106496
3.85011218353148
-32.2128815929863
-1.33330472751089
59.7466328483249
63.0080600193525
12.5664348831379
-29.9149427946726
46.3331432773568
-7.83673826498264
-98.9686167826935
-13.6539306506727
40.8517772967145
78.8044690376759
-75.4468890593003
29.0884178638509
-99.8869811151388
72.6560644598248
-66.3305921249915
4.83684022691078
49.2073572124402
-98.597885000583
39.8619432788996
42.4673649089739
-99.217920153019
-65.524044002015
-38.4973183460236
21.1094097887896
-16.0219655565273
-32.885150409189
24.3656686703599
37.6403504057797
-93.0623832836547
-49.8255838058008
-78.9399578410323
28.9178959839738
41.6252422818861
-66.9554974093045
-92.0329651500713
-41.0643505334492
7.75509231078399
-21.0707385709963
-99.5464059825144
65.140585389977
-49.4741485008301
-80.8869714292135
-3.59304491473648
-64.8741233860294
9.1765946334021
10.5645019741133
-53.5296131757061
-29.7829969425679
-37.249623947839
44.9904196941712
-98.5445915952848
34.9305249626977
28.5252446053163
-63.3987066109335
-35.878177792408
-57.1549576062883
-17.4153222090058
39.9350336522734
-0.325567166111981
42.5178086647858
-92.4825744446171
14.2101648968369
69.665320505349
-59.2412388335015
35.6157504655467
-59.27868696899
-8.74476264284729
63.3714987024358
-66.8281354581029
-45.1584871364871
-83.2081529096344
-51.1572086542605
-30.0255813096524
41.167195001561
-52.6554015506684
65.0318365445476
63.7197213862165
-71.3814272091735
25.5322508748325
-94.4440437638691
-90.7592202948865
23.7915525784875
76.8385735429872
38.396691548304
20.5517232526624
-13.7242021498505
-20.3723762971023
36.4006640413589
85.7146327262927
20.1969028614986
9.70826840260324
-12.1686244423161
54.9845712409416
81.0167164663877
-86.3788141505227
40.2174403948106
-46.7963922434074
-26.4518727049876
-69.7244774770197
-13.6865750306517
-95.2638317020571
-18.7450711681394
35.6131929398976
38.005500036392
4.84941693520943
-97.720418831619
-88.409479341197
75.3180079164124
-12.1407561403419
-36.0702151336517
-10.825016121313
82.0614791742337
94.3881756840391
-87.0102599154036
18.8507591218852
-67.5000755226457
-95.6408937355855
-13.4453830766844
99.9169774437042
0.956941427777849
28.9335472259283
-71.0356046806013
15.3156922437552
-2.99238695342959
-25.1588666442481
12.0014043792469
-35.265787534995
-81.1727758999632
59.0445029503849
20.5009657655821
41.8094053035546
-80.5847805560163
16.7174039531246
-51.082951626187
-74.2598682701424
32.856177194701
-87.436736878246
88.3093509065934
65.1886162882201
-31.4652779871375
-11.0948578055392
88.6461282997507
57.2277650107463
-83.7136922389894
-57.6165118119398
83.0548051681106
-28.1335169173048
-70.7073517450862
11.9658454772224
67.3270361497753
-24.4233913018981
-89.1869532251248
-43.247903499789
8.51660955965907
-36.5779356823612
59.2087779713022
-5.79258209814145
26.0070915502729
-33.820410194831
-2.22415900121482
33.0780100429183
21.2049914164135
-42.1221919047342
90.5402986255001
92.2197841288432
26.7139100904287
-98.9180648146307
-79.7858631180643
-47.3902562485446
-24.4794892747933
-53.9858298734326
-62.1781319971544
-87.1622968617059
-2.54820524683517
-38.3677171721617
-87.5848287406096
24.0115147490446
-10.8733274707576
60.2940422103226
68.9411362370583
64.8756834033616
50.1281007630038
48.9547477484706
61.5973462928521
-71.0636168937052
-79.3232809109146
88.2621203811558
-46.3870114263516
-62.7393456618501
20.7308957832738
-92.1918054751169
83.2721362717495
-82.760026949976
24.3061494897042
53.3064265363039
-13.3876344306932
75.2554417370426
27.4454610927738
94.3051687204672
-63.8021066553045
93.3470371951601
11.1249481428085
37.1172542934003
74.5574587826536
92.3779007328309
11.0546181714893
2.00505078756585
-46.2201578995032
-91.9690544955086
-53.5967738260844
-92.3991304878639
33.9061189132157
5.92507949834618
62.1402519553193
58.2596632221924
53.5369002629711
70.5601626033401
69.7379384837913
-68.8950066436943
-55.7482363113947
-55.0237446839381
41.0374911686402
38.6786849282773
-88.2319175222784
91.1743137441791
93.94101364626
-23.4906125594333
94.3840650032858
-61.5744763230596
31.5007741788381
-30.2087645562035
22.5193118000214
-7.45558232875558
49.3517232353933
-24.2928117717048
45.9161665713785
32.0067520901178
1.19118276624899
-3.8199330319414
96.1122021484103
37.3133260830205
-57.8821315574575
35.0876864852083
42.3573879977277
-5.84102617730822
-38.961558967337
-61.1549330899468
46.8037971458965
-66.8799986501753
-78.2052033135735
-13.0722776181733
13.8139841790028
93.6511061212531
34.8062163031182
-70.9304312337341
39.7394368159107
86.9531585325075
50.2805632060864
79.1859806967917
-38.2588057393074
3.27329139147494
30.1167106553713
-25.3324840700398
-66.6820509069168
98.394441617434
-30.1792814262077
-35.5369799344698
33.0216759341463
-41.9620124114212
-89.8137337433681
1.9768499119555
3.57543995499674
-64.0565767084751
64.212821165026
33.2856795623645
8.26750853758365
94.7205781831076
1.80573851751456
-23.2861146383458
-71.0612683171032
69.0724716586619
32.6353856024829
-30.1753581363291
-33.2605987703143
-45.7042839418945
5.78275300953965
-60.8906156427889
-33.6975037630698
-70.7695039506275
-4.52456291165937
-25.5945702655747
-68.9212687666532
-34.1707692897337
90.9070878075832
-41.3951930822236
24.5788927855874
-72.384915681506
-77.007999517333
-61.8593205907803
-77.500681233129
84.843759035041
12.0808345200025
-35.005898625259
-26.6380189910559
-8.42350401052069
-87.4120332545701
-72.2336218477945
-42.8096849181439
-6.73839116595774
51.9966926696885
92.6527457240022
40.5685121897347
22.3949314073216
29.6634670187416
-85.5085899180019
-54.4183558734091
89.4371551415533
6.76499491833442
-99.5590705462942
-92.1586873424557
71.2313339823613
-21.3267879671931
85.7632709263379
51.3170905611573
56.928656120804
-45.78024993026
59.0165273245635
50.4785400087729
-51.4325028985577
-41.2382160222766
8.79314601441597
56.7580425665809
70.5150059765502
-65.9977000156092
-13.9411673753861
-52.58614224167
3.82519020902234
30.9072450135859
-66.048761759328
65.8494733368809
10.4896434966556
-41.0645971941853
66.056333542944
21.6427444462146
55.2624155803408
-71.1535253086948
-1.02964933976402
-32.1467074668801
-28.794861483915
25.9200406570634
42.0780963368632
-39.6582223356441
-68.5150519609122
-8.50649501447251
-90.2125511244612
-6.68381911924382
-38.8488458777101
-25.0044778377231
41.817955133949
56.7500051345388
-67.2001545318833
-52.9220279911809
-47.5115961467809
-1.95077516940232
93.2676717212595
-1.21701552765175
-59.7367920396891
20.358041534195
-97.5890927092658
78.5846942781006
-68.2485104355634
87.6043136178542
-78.4997295061469
29.3178254841638
85.4008089844478
-90.1294149387198
67.3926520043708
86.403019876681
85.9378880089217
98.4466677293011
39.0731119973348
61.3268937415766
82.407045009756
-59.9457868018787
60.6384596293958
-95.5415272755842
-14.5800433467168
23.1587919472064
54.8509777818286
-47.7377192457859
-41.1261803072027
-79.434816021917
-15.7286665682657
50.5140833118456
75.1069755103526
-60.3265793145655
73.2718274421449
24.9749100872693
69.8980300229356
2.25347646281536
22.6247862332786
-14.6213656973937
-29.5831183580532
-71.2477729137244
79.9251955743016
33.9358409137089
-99.2178299086527
45.5635025584085
15.868498822425
-54.8863408257127
-36.8371421341192
-67.6226834122882
65.4161986987953
-99.715011731563
76.2651623035122
68.5558741438888
-27.6015314565365
-41.9244128372801
0.827077662283756
-33.124640101621
-99.8308191996026
-18.5982900847103
-65.881348865166
38.8041631370475
32.8275202936309
-28.1945331127138
26.9176702129613
20.9314860632916
84.6259478448243
33.8090471166659
25.8804704100275
67.5602295225438
-59.8273536991595
-15.9924411692501
0.962112168942156
57.4552015779623
72.1642875329336
27.34740956297
70.9917948340555
44.8499084871173
67.6718324668612
-59.4217545901344
-77.1758270413374
-48.8817186517567
54.1041934383595
29.7344875866547
-14.4340116817456
86.4806143559404
-56.2201245517616
71.0619079178177
-58.0769525644725
74.4887966485506
35.1899465687167
-42.2752819874903
-25.6804560571071
54.1848719189466
-56.6870488084987
95.8161711444149
16.2753145736501
80.7188329101808
75.8310619170576
14.0520857696828
-39.1309031943083
-71.6750026301756
52.588983566664
22.1574253249576
20.6505426615571
60.1933188244307
-95.5782759261106
72.7668822460834
-86.9245063421698
16.7634323931674
-67.9951274281275
36.7956086584663
1.79918693167049
66.3082332474964
-72.5278565493006
-6.30714816089558
5.54720930117658
-71.87261028363
83.3551485818736
-27.0281532567098
-32.1642721940646
-9.80719902382826
-35.4796114248955
-58.8775556297321
-97.832755769062
-61.3051964261665
-62.0047621635391
65.0895884296885
-34.3878871705135
-13.6878758459025
-63.1817535527935
58.0860866479824
30.7342594434422
-44.4151629286653
-30.7841631288721
-78.3674125679933
-43.9277610439032
14.9028765574107
80.7053670340853
-3.97581951748721
16.2887152602328
-61.3983114823859
24.0883300318574
-61.858556808962
9.29450102208544
48.69018216384
-87.7098865410228
69.5988114059307
-87.9760118102708
51.7451723149096
-34.6982772896559
-29.3968731247499
-22.9365315857201
28.2881755317046
11.5536852187377
52.7851922570201
-55.7834613811601
-43.2299851005966
-70.3928167393584
9.76793286123944
8.55843445145545
-2.18360482417819
-52.1373395751015
29.7979087549498
-0.340060902333562
-41.3247072061964
5.11033559865307
-71.167146658442
70.3497573944661
23.2661387095671
37.2761255312536
-34.8172959889422
-87.6502245186131
-61.8522628603498
74.4968018269511
27.1828692732736
87.6860137354382
-71.7494931380977
-31.803226495432
75.462053179289
78.9049145937513
5.77605482641414
-54.9191423169269
-55.4222213916375
93.1672714646316
-90.1811848716205
82.0663464240488
-62.0301853929297
-25.0370199257183
70.3416755613219
-28.719423626679
-12.0928144528515
-15.6229244095258
48.3255319787173
78.9268496486199
-30.3601777151431
-62.9099400491877
-76.1715395670023
-53.293350948416
-79.1949878468906
-64.198111403795
-10.0786708744192
43.3733246410868
79.6163174335507
-46.7496749833247
31.8552649616691
-84.9690571333812
-22.2221945159537
7.244121214807
69.7801543487815
84.6563418842004
-33.9014001369333
-78.7753816292714
55.8857083258451
-14.5989885150442
-23.0870678652188
-8.18701596848128
-79.1625447037809
9.95762120518475
44.1569272955214
31.58341162409
46.303020245095
23.3349909283361
-14.7038323939565
-94.9707987718248
7.27920084268649
-29.0208496808058
-67.3079571031704
60.8153172685591
-1.60442695699801
72.0636354405998
45.4762657370208
-54.0857344519828
28.2830947846228
-3.19898123744626
43.7612022057374
-60.2277403743056
3.01903497612359
7.51883273741039
-93.6423448772886
-74.8625416874367
-94.2350068737003
41.7329601466844
-14.1345687236911
-63.6784761120614
-85.6988818039704
-25.7260946176268
16.8944269689426
-55.7954928254875
14.3412643847247
57.6455270370459
-97.6255434953278
61.5718880248912
64.0099102184219
-7.8798809692488
-28.0592073452425
47.980376681309
-74.8057333836298
71.7433822692992
22.9980788990611
-31.6463413314271
70.3173586770581
81.0069004354624
8.91743680821611
-55.0336098352463
72.5408051632117
-7.82992257977646
-63.1680242201448
77.1405462990525
36.5930725437198
-39.8735774036368
53.7713548028093
-39.4153040626717
-69.129950724441
3.48943682415539
98.3460945794628
-31.8481743207602
-26.377205241409
-30.3140571367746
86.7133453535253
12.4012665905104
-16.7280126418006
-97.9006790187203
15.395997131136
-58.3940720052762
-6.60624298533125
-73.95510016458
-71.8968585343744
84.222102888724
27.873673237332
-45.2290281140923
-16.0500098511239
-53.2831495844945
35.475343584849
80.2266581858867
-87.4226801618017
-11.0509303975967
-93.5167545025135
36.5270792896106
31.3784135423671
73.3675683121155
47.9410353118099
79.8345739663099
-78.3656813900253
69.6143181084869
26.3468049534914
-44.979677153926
-61.9792591643852
-70.1719012071838
-88.2382940260067
38.2742409414035
43.1476582592758
-70.0166534106415
-49.423932285285
44.1040809452118
-15.4162512916181
-25.2199050600848
-82.6316687358886
88.9538199776859
-99.1262852909897
-2.1784039532172
-62.5116923976751
41.4518649020914
-56.4035935985362
-51.3503464235314
57.8426125953629
41.0560480438596
74.9244105098644
69.6718048354643
-65.1429896136413
92.235983168278
-72.3566927777257
82.8751242883301
83.4476595550354
49.7916862496388
62.3931793709536
-86.591487487724
64.9623299838427
-69.3888188815013
89.7894340996154
-51.5570440135306
87.8522011097127
-34.9981567278656
13.9468978812353
86.0995368972314
-78.3448610322569
37.8983577104963
86.1472543423854
96.8110756365388
-70.4202057155167
94.0082267722163
-25.5426139557583
-35.695135377458
77.6351398610084
30.063599238707
-42.3002341138911
-26.6300569672746
-16.3299451561162
-45.3970020312962
21.4429635255317
50.7005159508068
88.7705151679609
24.9829796101144
-8.0009083206842
-37.2428609201669
68.5769768088949
-59.2215981799961
-60.8974838786617
22.7270170352633
25.8589650367646
-38.0581310665507
-59.1571586010289
51.8504989427285
1.2495171945867
-49.7635277193747
-1.80542383401911
-74.1335732175282
31.4113473854114
35.4184496994267
92.0767011352704
-52.182811312984
-70.2727650609843
-54.5461892851445
38.866025616064
43.8685960937722
48.672027785027
-46.0458294007454
49.9282632016949
72.8884510088892
83.7340139423543
-48.424341349856
-35.7108472978749
93.9335081708489
-75.2274173022573
50.3181312203897
77.9958643415446
70.1927831078282
-73.1467381119465
-14.0466798015834
84.0394879420508
54.4834695428287
-74.7133431873627
52.3992202860312
-53.2872377665259
-81.1631968765501
-1.60231119355629
-73.4711067496607
98.5354281810802
-10.0524852293246
-99.534501244134
44.423429402053
-59.5787776416105
-90.714608306528
11.7195491372137
-14.8456023298023
32.2211769371516
79.1810213426929
-96.5972805346446
69.8435521331599
66.7215188477064
-68.0846043374413
-94.1812371212755
20.1320556662087
72.9566133238704
16.8431166285119
-47.2302262939388
27.5992671539227
76.7772902160675
-48.8520846853067
-75.776101414041
5.51960851557567
6.27367055055406
38.3069644141242
22.5977111774668
-64.5447319710252
-31.5568864685028
42.0631608044872
82.6343689174472
25.6590022211687
81.8516858664972
70.4542544207605
34.7492978604739
-87.656072056311
-37.2562361787925
55.5123139838618
-83.845542359591
-52.2247988039494
-78.2719336778086
84.8827070678774
-78.391449420771
70.4637388670776
90.4351041737045
-77.5144737246593
46.9416760129023
-59.8821251979535
41.3823102920458
43.5517347822076
82.4530323823741
-2.98889814393407
-10.945521229025
21.7055739870483
60.0604255030165
76.2158265320394
-83.1144420699522
-50.6863515823613
-27.1906235356882
-13.5949062861735
-2.49681501578151
-78.2042920034304
-8.38605445127855
-68.2304232016872
11.2934983221119
89.9074957705226
65.0373483135679
82.2943650153503
-54.5718707085687
-75.8870440503423
-6.14623373627595
-45.5685594283547
-39.6845877481986
-51.8908760300655
-11.0606396193466
-63.0986202294675
82.3624261417876
-15.5068976956474
-44.0745438472482
-11.3359256637936
-50.3737229848111
-80.3749608975099
49.8102917922944
-65.0416487196494
-68.7063536229579
97.237244411502
-82.3870840618117
14.726031049281
51.9761574888765
96.4297020629388
-57.4079225679657
39.8336069196151
-18.0634954145985
-33.9580550926209
-85.9492698753936
40.9233560134776
-71.8870871787569
-20.1121621672534
76.3312117548384
-45.7602909721262
34.8818512805886
-47.4188607821266
19.316498708654
21.4728828303052
-95.6543788456966
-84.899327384236
96.5506674594709
35.8504245424623
-95.0431610419594
48.9034771028533
6.49610215547938
-77.5513926307899
61.4583571383177
-24.8529432385497
-10.7561515307152
-56.1959596755621
-55.4674515942873
10.1653967012665
-94.9026885370017
-20.0512454907564
54.0452071991586
5.10622884842059
73.3231112695333
28.9851222469896
-3.10665793824411
76.3021859362601
19.8587228957534
49.8714537450095
47.093830024797
77.3276805849833
-91.2110951551963
-12.9177085265089
89.9004501273093
71.7137346372417
78.1561637576479
78.8663423594702
57.6674583976802
-82.3398727706985
64.6522584759542
4.82507506339611
-4.79098480524193
9.10491070798996
13.0742044602864
-66.9162845338961
73.1458771399483
97.6633198219007
-47.2323919049902
-17.9985849051465
3.77630796568391
39.0405583073343
12.5008362024094
81.2695700778027
23.436902827987
2.93876993498485
-75.8384082743919
-41.7744679922373
24.4948111971816
4.36903604369971
-81.0511356163004
98.2456417240392
