-82.8925358540839
63.3496141878597
17.587450881078
-62.8249399909859
87.0583934765158
88.5043392941665
-65.797737096762
-67.3339831059371
54.6778089765409
98.2984485770629
81.782782435939
-62.9580292214742
-8.5159323242933
-64.0348385403407
14.6614344413439
-56.1029658959432
-98.3169664523595
30.3014188091921
73.0128384616603
81.6635645417997
-29.1903781982963
3.38036019223824
-16.0192552464866
16.1479729806193
93.7256779293731
-77.8064098684263
33.0499542227082
-71.5679303352933
-11.6578735889266
-91.3053668935293
-10.094640041395
-81.2783678382465
-10.0412913061498
36.9082693857941
-59.1276358410668
82.8933159581761
86.3682520277023
-86.8897624485097
93.5694683611095
58.2506743853169
-66.2498198876052
-14.081568740439
-65.0332086666938
-80.8598462084037
-35.9443289078928
-74.1679270615637
76.3492106202189
-47.051137567827
8.47920924752459
77.2007187013401
-94.6879618003967
-28.2315245521045
-82.2317544986274
24.4176745865692
-98.445892805685
75.1572861695144
-46.6311611021691
67.518196936096
-3.10433404931571
10.3867963629294
-99.7966566451971
-41.0449135241079
-43.9626962304805
92.9285955002331
25.6215141266414
-85.7828855554418
-73.8578562534874
92.7740802980155
31.4819369140375
4.12884112415601
-8.5613225733517
-21.3628997371525
28.2141652994113
9.17164354816894
-82.6221238538977
-65.4231643198467
-20.8228994485922
-75.4897914877107
34.1239565179678
-18.2844240015864
-18.3193290306099
22.3872937198595
15.553741942798
-94.5784391302779
-75.2550314767421
-37.4606148311838
-61.9527970234906
-54.3138834202558
54.358647064651
48.3572723164774
37.6853098557263
58.8106652009011
-68.5219815754848
-14.5478754097562
-95.2207756243732
-90.241870649868
-32.4543289219879
-88.7476328499461
55.9106297815044
-4.80074961030171
74.9376136847437
5.52960126980153
22.9788132265603
-64.4772965973256
-60.8480693916676
54.6842020363538
42.2790723576028
50.9203048732873
57.8910439222563
-12.3737573288317
11.8720853152481
-64.1847774402671
58.6026997177758
-10.7979560428492
9.80561160006759
-21.8037093643724
-20.4830577191446
57.5839434042669
-97.3627506240819
83.3436726163381
-20.0619005774689
-27.4593990875408
44.0751506402675
58.831438522202
43.4423110547981
8.80019130852941
-40.1996780815971
-24.970041613651
81.1767967468641
33.0477872077606
40.0781543921108
-38.066605104898
66.2903864112598
62.8958083371772
98.0141794777502
80.3698789767064
-87.0837078543372
95.4237221907526
-87.2704936284262
78.3729974892874
36.9820285140491
-30.1426056014323
-35.3064635556494
74.7053314860901
-99.6931410645113
30.1348139908021
-49.1163162360896
-4.86617193236421
90.6980299368145
-34.2850531338577
-47.792313637936
-74.8566255082433
57.7036854954096
-98.6230096178236
-85.3259684751032
-88.9990533462962
-91.195955769273
-93.5695530493631
67.283940229416
75.7695996246042
41.3084878053315
-6.00343350662637
29.8733030387504
-58.8409124483915
68.8924040843435
45.3906522037419
-41.7847031206539
-48.7650177731009
12.5573711556468
20.8924798031283
96.2609406954231
4.56371802446517
6.4870202005237
-64.2608103993546
-60.3610959572309
-30.2682780981794
14.8972404668978
58.0976543345921
-83.5631450224695
36.9149467355497
34.0181165110886
-25.4822717189328
55.5359560514704
74.1517471553811
68.7108689762594
-48.1540851219615
-8.97857501751342
18.611965981598
-64.3366929348452
16.7092470109991
8.32609809965636
78.1269721430073
98.2969786545649
-68.9594161284791
-10.3664435484224
69.9007297265426
-17.5173279944834
-34.0624627591396
65.4083964941332
44.3456911911311
-91.7085413755389
27.2262376077765
71.8074945425288
-88.9006388202868
-41.141324633985
-93.4729005539685
24.4780324635233
-56.7374863965669
46.5013298299868
2.97818287605874
-69.1116625106001
72.8953606352339
3.00681045251532
-18.7405867046854
37.1583225664727
5.71590470033867
-39.0819097071871
-76.4677216984054
-78.7479679195092
-10.7732147296952
12.0044384724775
-50.8013826742443
-37.8421681971064
-21.901826437753
-22.6664087316217
10.4093279865805
-17.5661559147276
21.2026995232808
-39.5967572943011
95.4817639862087
-95.5207271899233
-70.1026040956492
55.2186739993276
-4.3215240328676
-85.9328114071175
-19.7064478933648
35.9953153439101
-3.17762293362652
65.880760293643
-84.4168886674705
-76.4471499810976
67.3785288069557
-58.4692617662036
28.3017269540034
31.9343338479077
-1.31567642797592
0.333071904120814
86.7431487706967
76.7502718402465
-88.3552172815129
-44.3775369313471
17.4294336449491
18.0139371564742
-64.1188958641357
-8.08343895448829
-28.9764247013139
-96.9910753564899
-24.6389933408099
83.4005489565607
-66.6063684129047
-62.7475643493537
52.1855264276133
49.2626576830773
72.516545036068
-56.2602412135607
-6.57500842588313
-74.6492226509942
-16.1890988558361
-42.2917382692517
-59.967056509145
42.8534920897044
87.429526695169
92.5578431360559
-65.3593944380835
-52.5241727136992
-16.4126524059145
-74.4947926049707
10.346819182227
-19.7243142265066
13.6371375124632
-5.49151768247857
43.6008510436797
-3.09647731883973
3.36080036107748
-49.0128811238194
50.8447688775173
-88.8703543720949
-4.74466713051436
-61.346580569992
-96.9950303867567
6.70596505133099
53.5129801454722
44.4939938135309
99.9451837777061
89.2467512081243
-87.2331199796768
-66.9856695704014
50.5794088037507
-19.1749459185966
82.8608193404468
10.6951339176053
50.6314170420778
-87.1899831825392
31.1898955419661
43.7211319641834
-53.9168972802465
-52.6574668055314
66.7761177699479
-36.7879469148565
68.09624002
9.34925866642257
-78.2736643777903
-44.5622749231179
29.0673892629872
79.3584518431527
-39.8487063803034
77.1768958442041
43.1380344019837
48.9022780243585
26.147519706874
42.4627556727593
86.4898711073037
52.24719889497
55.7697557552452
-33.0741842524074
-19.4438544341629
-5.44690612688781
-18.8811806591015
-76.9157098295195
96.3809509218849
45.7276427803196
63.8505506532877
-39.8637591705678
-38.9408222630269
37.6410124679999
82.4271841885921
5.12475129306478
-27.8059829900493
-30.3842243341552
-93.5554108453904
-12.8061054458902
90.5336276486791
2.06257189016404
-84.3368284827344
3.12332404003965
85.1500932688089
-83.6534240671626
37.1085472630384
-66.3306998071969
22.9904835791942
-41.8068464826037
60.9090590508887
-91.6539428044736
-30.1421037046423
-36.5940594499284
95.6669213134128
-39.7540827580077
41.2502154381663
-81.7704869214031
-41.6732761642709
4.65555440607169
83.8734695115678
39.1697636968584
91.6816192488119
11.2184097070735
-76.6176278371265
-48.4840011492443
92.699804880348
56.6473938996757
-60.3387240411603
-91.3143249426718
20.2169067381644
60.4709763438232
80.4865277096027
18.9224711276201
67.8508979192971
-96.4377446287439
80.7051543782463
38.6643798466605
21.8829586274707
-29.6932830711022
84.670581069524
-80.4390764875394
-38.0760311524802
45.0321842952024
-42.8609039402998
-25.7385878865896
31.5783311314917
-42.7388782892553
98.2029100439652
79.7944913913169
57.5542401838764
-61.1677645167349
73.2522163322367
-6.59583055758054
0.965239780028142
53.0213803285683
-26.2623004114446
9.48063929437693
92.2696627862834
84.1748334870174
-85.285822363277
-84.6315193157659
39.8512802913043
-4.44357157663593
-85.5940169800494
99.9708966559653
-1.36170717565398
96.4403490596145
-9.17228585389384
-23.2293082509644
29.6632318246991
-41.2992469065554
73.1121125438204
-59.7643853486526
8.05399473960664
57.700988676797
-42.2838944536987
23.6501943552352
-15.3114027404133
-51.3513519649672
92.9646818314248
43.0975654451572
-64.7152595980289
-93.0225894877259
94.096108211019
-14.6291501912698
59.8047560352914
-12.6604527998113
-6.40435470110307
80.4676453560816
23.187865369218
-88.4636174007541
-87.7488434748288
-55.9927521058012
-37.1951626626383
31.9773157443878
-1.85935067829345
-37.1468605328531
-3.44997866455437
71.1637516691753
-93.5680872115543
-39.6289492202715
-9.38647249487298
36.3967324612717
-63.0237898590796
95.9382548075165
-23.2429008259344
41.24566327599
91.3373464618257
-89.4925359067373
-55.9968440454518
48.2500444494613
42.7484270518065
85.7132703699344
95.0261743436147
-31.3902390496341
-6.95587293408573
-89.7122611280413
-59.8169848399044
43.0388667262551
86.7174965929572
81.3549678633321
-11.4791787579984
-5.18790415300053
22.7280228864763
-33.2445211666294
83.0857490014158
-34.5294935429237
-89.7816166940333
41.7552600403347
23.9929827674324
37.6113241672266
70.5006867928169
-43.3738924885475
31.640328265373
54.6675497861939
-11.7891008166509
-80.3183034462237
-91.8363160040065
55.0525475460123
-4.68137746782402
26.8199195253586
-76.1166514204838
-31.3279476597341
59.3038642072947
-86.9966374821893
42.7839926861023
-98.6719764701177
7.78222955778351
57.8831600170732
43.5132122784293
-91.4326056793221
-53.4128632687369
-98.7422672056357
82.6181453498595
-73.5472750176092
14.2655816161734
64.9978716268755
-77.6852517121227
-47.6392935612928
-32.9700655988215
-86.3798418076932
67.9641281869483
22.2873538380418
-93.39270053221
7.83560630528457
-58.7233760092228
65.7776172303232
53.655474095595
-15.2217044851264
30.5383702903392
71.6833665682182
-36.4791985374634
-36.2093851331125
45.459562471731
74.5897273229109
-37.6070042473001
-41.6507598906417
-73.9300240827346
78.8311169734917
8.96107066564352
57.0115364542605
30.8199629497693
43.453101661201
4.14746855454608
-26.3897504119809
74.7640033059884
-30.9887416090141
-47.4294465376485
-11.8750010661511
46.5700068654249
57.5406383955525
37.4942740957886
-35.676330217634
18.7929176922037
50.3375917646129
-49.7351814246792
-47.0867102990054
-72.4685932216856
56.8004429416896
73.4446540425509
-14.4837616709959
62.9501586016052
-67.7885854003436
72.8377272152715
-24.6460900415242
-83.0175046638024
13.7448708517424
31.4630083538571
84.3786351894891
60.5609586104405
-61.4707872184062
91.1070983625872
15.0376710181179
-6.37287951813738
34.8092743887606
-58.8035082622118
8.94908932447123
-41.5395354404237
34.6737592864998
-73.4407755396557
-76.1893503713565
17.2020269836586
83.1822290297763
-3.31259470155052
96.7221102535225
-40.1502124357145
86.686808623646
28.5155320189974
-92.3907868974827
-9.47657430494903
-59.624327543863
88.677131417949
96.6170315659881
-75.9815997791107
-64.5338804274028
-39.2663797375188
-79.130730151182
-74.3910852486282
-52.3349345252615
8.66892709831583
42.6074775350309
-36.201501486235
62.921401579714
-95.5757269012566
-14.4881151966964
-38.3859877310281
-85.4648716381599
-5.02223290855677
-11.2002544712461
-10.9595121610401
51.9461958388394
-40.0238819832421
-70.3208803742664
-46.4048631362812
-69.9519568912045
18.3373944762456
-65.8983446813834
-69.5294427544711
-60.5944700343417
-17.6293409293469
-72.205065251853
-77.6088112454773
-43.2441861215687
-56.4844252103718
12.3574075039687
-12.9667028902768
-51.621898214483
-22.4600916407555
17.8250487618547
-69.3381833108111
-56.8157851148376
30.6448432472092
91.8295135652151
-90.1333535563099
-56.7845311321569
64.8515529077284
23.2358613770462
-40.2662806907436
86.8582766287806
-86.6744664941728
-9.36764534174452
-95.2728340165859
-55.2076533931663
25.7982666235085
93.6471304537557
44.7643653788793
87.169220171652
93.8890507322786
38.9721278629136
2.20259049327065
90.725039569922
-85.1289364495028
69.5884292854008
40.1443453715177
35.2066784791398
-89.8004024229741
-23.3027822579223
54.0253656224356
99.6345085864262
95.5194792419197
18.8301905324665
61.941727173291
18.7487523064902
-4.25538272207268
48.450094023746
31.2194383402179
96.8779015024636
74.7793174818953
-34.0163431298206
-21.915580100073
0.924828657595356
-51.6335746345454
53.615725377193
-95.4078315358421
-83.17576773727
25.2552791647028
47.5277240921316
-56.9117078107126
23.208197600605
96.6794269920103
2.44039787884364
-27.5512965495886
75.1837368296382
42.6022885488687
-67.6299399022701
-24.5639468292515
-67.6301166672781
-29.5941816033538
32.7341733199233
-17.3243580151118
-57.9549415623598
-68.1905570756117
88.1572763588497
39.8193442996569
-61.8286473595151
-53.7840529802907
88.0140266719869
-44.48059223728
-83.3506107809134
41.9793870924285
27.3560358005627
-35.6743028095298
-8.17456197100044
-11.1396171333118
98.2042310707967
63.7155657238799
-33.0101472603794
16.3524953942354
-13.7403554938847
-29.9799890980881
-33.9660058298354
41.3148897664321
26.8185478306132
-88.6777268884184
3.79423826941519
-1.40588878162529
-42.2745597432769
58.2405183481623
-52.3251644737658
53.1901289460779
57.7269651542672
-66.5934305856108
-60.1241448829398
23.3304263348424
-21.5813278841526
3.08313973235582
-57.8515118815492
41.7465181727702
5.88192029412191
-21.581729925129
43.6401050123002
-68.2967029169796
51.2515326790646
57.3409630697148
27.9303538814252
-24.1809045195008
99.3318728709622
96.3228594567876
58.3874920665924
26.3788998381501
78.3525138779323
0.0119609233874058
-10.1973331085051
57.0799006134899
-95.801083703126
69.1607148264631
75.6671324517102
40.2721028922148
92.4074901229617
-49.2318736499332
31.2461187725115
-27.082915353972
48.4653334571735
-33.9551390426942
8.12027206599583
31.7773917281548
11.7000003436234
71.1529749624295
41.2426664736333
24.6173533095043
60.0295253384757
10.9429823154185
54.6722042474694
68.4410269425074
-25.6758339336594
62.7321014984872
96.691441264352
71.608378351712
50.6095399895729
66.7038080107007
22.5086161333042
43.7750991026098
-8.24085422364094
-93.5576787397585
-83.9942473601891
75.1314879762785
-88.8331384221381
34.0363044320707
-19.9125276446725
80.8162780846128
43.9096715043633
35.1705267930576
59.9136381571173
-69.8432036290844
-17.4360891387252
-14.630861231083
-19.5397058051178
93.8489944459615
-52.1025981610006
2.83393587282046
83.8461029954404
60.2821170049311
19.4293554786566
39.9786023696097
11.5055310521761
-63.6107022310678
89.0637283191897
38.4539446698728
6.21218278787006
47.4021723821612
-74.3950697200806
58.2253093031534
-60.7698946889353
-31.281606690722
-23.1725722397845
-32.327930154693
94.7012930779027
17.9028533653528
-70.621502192475
25.9343635810535
-32.2386096399452
-80.5341524493342
72.0123484547344
63.1802397168517
-37.8612134569489
-4.36463650049264
-24.6488246292953
-4.88957213430236
-45.8834492070151
38.496350695731
-34.5454422776406
-86.1100469979967
-85.497619092043
-64.737744074845
2.73361469385529
-91.6752555646104
24.6723662916145
-76.2231444613495
-14.5184058266823
-35.3755836425785
16.1821940124846
-9.00878591202471
10.6542672725231
-64.546533116168
-11.1989942325729
47.9972038383522
-93.9510240074057
4.25794703743946
63.2498643958361
-3.22273771204131
32.6204880765111
51.3180530643139
2.1304892235206
53.3826822637214
-4.04189002620036
74.4868220058759
72.6603020461005
27.5770605813955
88.3807845866812
79.8576833993451
95.8059661806518
-23.0988372702904
94.7963253709482
-63.9563119749503
74.7719019444534
-4.95788023247276
-68.0472859682628
-94.2184300764819
15.0195813677827
53.9838368983544
7.70879075568529
-58.0021968369747
40.463232474949
-43.8435084370847
-92.9051704516016
-38.7324925655802
-63.3312553886152
75.7350649474458
-17.0985913367323
-8.25329611147163
98.6853261592094
-44.8296815570697
79.9438753688484
-10.4840111283135
16.8126584704525
-9.05331049995989
-21.6570171252097
40.9732476366072
37.6147310512563
35.9918247554602
-63.5770727264388
30.1372204171639
-50.5138874283791
-90.4050142702276
20.6324084576331
30.0105489138279
-62.2275783237087
9.68615243919373
-53.0971299792347
-1.21448011260389
-22.0118426468244
44.490497180576
81.659163403416
70.8109786574417
11.8884756947518
77.8026838559791
-9.83280557837651
-91.142239128725
64.6216043614036
60.0281719852304
57.0940826734549
-9.48863618267873
-95.6736139168067
-21.3846078963424
47.2909231340143
83.5447968623133
70.5111965621622
40.9318967845937
-5.05311530831754
36.6639332519275
28.5391341039517
-81.5832655541221
-70.1135604234618
-60.4767534094552
-22.8818496812057
-55.742710190447
67.9130775874478
-9.15077293001939
-65.3653385974385
60.067611175661
24.3008738584374
-57.3697146666039
-79.4359227482319
70.8746495784075
-80.5177473032361
-71.4820309093729
-20.4565903838289
-30.1171539531479
-15.4638848388602
-35.2651238741066
99.8906816334968
-97.8797975340729
97.5288504371126
-42.5418034242802
-25.1580824369525
-16.2794009079341
-6.55146758201664
-13.028272869374
-43.7185326912608
-79.3193064245036
-72.1834692659451
-61.0085213391292
0.426002970496995
-32.6054853955769
-20.0807711918916
-55.6814872149651
82.8881013090732
10.9198389925824
-75.299251547917
-33.7111812891835
92.1152301898288
24.8622965301428
15.9324058279504
70.8437444200119
-38.1036585983298
-76.1851158181666
56.29154697839
-16.1311977774392
49.1672198750752
12.8102403288058
83.0947475221591
91.8871773215154
-69.7760172865554
60.8824262157294
96.2749027759502
37.1323338383395
-3.8766335597458
68.990191790668
34.5488412090793
87.19164474837
-72.5655343603178
-20.03916206853
48.8936786584436
-52.1718030261798
59.9538729522586
33.487928857325
-30.0494355986057
-95.3544301971116
-11.3472257978036
-79.4928675390086
93.1381020369775
-76.5455853578609
-91.3383094342177
6.63791869130337
-4.48556336114589
75.3620286529178
53.5381228103889
2.27889429312216
24.3470335218629
36.5625244612694
92.5881538997216
35.3243131901083
-22.9052630922102
56.4549166644079
-88.8105558592063
82.8936217213323
54.6220157987914
40.5920724290422
-21.0106196507512
-66.4338646568527
-40.3767180019021
-79.0239583573656
-92.8398895874595
-53.0822683679684
-12.2655466876477
-22.1469252760498
10.5891242687941
-54.0133060763574
66.2091333012749
31.6386412180144
95.2619731880435
79.7372205104755
14.0479286038471
-55.9698916604824
-59.5212587966409
83.9208620229006
16.3758511903575
16.7497304339832
