56.8454578416057
79.3921070799342
75.8567201012667
24.306068723356
47.0687083645384
77.3636840574952
92.5419934088569
64.9580271829431
60.083432489426
50.1136209778283
-4.16455328700259
-80.6092154115283
32.187006527037
48.5777714790535
-31.6371162773611
34.8237476274018
-82.4935180051027
27.5233705788174
17.6452802433852
37.0943699210866
93.9252674321425
-36.7812654967147
-36.4346223903075
33.0471631412359
62.2846791760031
88.8830871357519
-64.7268470569624
47.5748451799314
-32.2594556699444
39.3558395864274
-15.2862601041984
-32.9130555240873
-69.9933000726123
89.267028581897
-65.849796529194
-98.5980032422657
42.8763342928549
-1.2652364990862
5.99749987168343
-92.8133398635734
20.5076073448877
-97.8054400046112
-0.190787196128151
51.1922600410351
87.7970615583609
11.8471274299355
66.7372778059674
67.1476512645079
-66.8595658855819
-75.617422411098
22.8544714609592
94.2735433180552
63.8635049673639
2.89724169565937
-96.8488189165002
-78.3430037338792
-12.8020187978165
-18.4256936943358
-72.5018744204714
87.7636721185002
-28.4066191153189
-66.4360733019666
24.7365869202792
36.1454642584245
-4.08622927569445
-82.3272539433762
-18.6889813347484
-27.7405245998331
4.77140951537916
68.2294387740018
32.9807503235037
97.8937443123816
45.6184026309477
53.6353754596493
90.9534008025873
-37.7492382654404
56.1547230589074
-40.9310031624224
17.7909836003018
82.3537420484108
72.175930225909
7.62041745335462
9.3123468952175
-33.357093992064
-29.3001348859439
-53.8341583664965
-1.68482807881193
-62.8715484348256
89.5345564597133
-25.8580488067671
90.1434662217435
-7.37201153642975
23.7573925803302
-90.5270100751196
-49.896604306099
11.678617918155
21.6398639357567
-57.6528411095625
44.3744991794851
17.3582499001733
39.4246544491469
10.4252780086373
-51.3766650355673
94.6228500740342
-85.6055172110231
-81.9324090144875
25.1543921970918
-86.6949727666748
-50.1982999775796
-70.1045644954559
-8.93651945485055
-64.8173646864145
-23.145091232701
-31.672678738115
50.8870095004487
-52.1442930608454
72.4421743908833
-78.840381487554
93.2315777617045
41.7156996157101
-26.1147791228666
11.4959685798507
-13.9525820644113
-54.3674214224787
75.3982434222473
43.1159063838747
-22.6219241287507
91.1181924935359
48.7566731538039
64.1136313603304
68.74755387135
-86.1089887197267
-72.1030574049375
76.4125008784764
73.2990193716176
-53.5307585251658
70.5771882062719
-1.56870454223879
-26.9398700651296
34.0660326954367
46.1295269473004
62.9416496949259
-28.9676534411248
16.1068111404459
73.1367361514912
40.1277832589304
-52.1889155628043
-59.3757188728639
1.55352113005837
8.0540964045893
-1.83936201310851
-65.283539097929
-53.7468212756739
10.4638104602959
7.46272312392558
21.044145795759
51.4359798648911
-60.5178822157675
32.1256317287974
-27.3001084303242
-6.39876011512377
72.9164775467348
-23.7169749610238
42.3776523037259
-16.6324829310231
85.8368823580035
-26.1588989726342
22.6364674003131
-7.92260266966393
-34.1063964430855
-60.9869997142405
-46.529231232038
9.84997286261779
-28.6053438322693
-55.5409656801514
28.8047825511018
-17.0986676392989
-12.2567312982526
27.2411179838367
-72.2232899530846
-82.0429975928816
32.4636068399667
99.4065811456267
65.0050186272117
-55.8441863979265
-29.1626267324782
-11.7572500569133
-2.77574544639219
-73.8065538695959
-58.3690347829165
8.8886271823161
-8.09632864358638
-87.1880015509836
70.2232863333432
-30.2145168988604
39.3963596817342
-94.2639554216028
-27.5182475682993
1.1907467527778
54.7458486212959
53.0821788931172
-26.0645400823593
-98.263983648122
19.0736653537658
86.3982812220283
24.1928465159314
79.6292799380643
-14.0635060103815
57.1573998495794
-97.0384449251446
-61.1330071756799
-59.0933277487964
45.7154284429109
-71.4919712096392
20.7350520204811
-71.8865259622324
-74.9987301150762
-61.2351411111793
-36.7055722775819
-22.7691587513359
31.994889732176
66.3288231192202
-20.7426026359374
-0.375893011687067
-35.6715683141208
-43.6156521854077
-36.3159619401907
-96.0827932631394
-45.7389480789724
-60.241997672283
-28.5139880474725
-8.6419104347733
11.727223335971
-88.1855309432752
-71.3933463700045
-44.0486191409259
-56.6037181396773
57.507568035108
3.95541669944174
47.1345786473034
-92.5075768305649
-8.66141747564358
77.2706023078434
-56.8186382012551
6.80155247526068
-58.8268058599125
-24.4322232848837
74.0529374764083
56.7738682838396
-8.5665027963471
-28.0204030658556
29.3197879699204
44.359439372388
31.9264272816502
33.8621495984604
-65.7874380905332
15.8424603086672
66.7142828289322
-12.069336294186
-4.83678054593185
19.5942301182612
-99.393302847746
38.0919543292522
1.69786655083846
76.2802069867534
-86.8100108188046
25.958719110785
3.89765407849643
39.6402933742958
-38.6770707457141
-21.044802187442
-43.0192542431865
-54.3316024278407
46.4080554598452
-29.9170062942082
77.6768345866569
99.8329505254946
65.6248691614297
-65.0262908126093
66.8737649641362
-35.5029157007272
96.3348506462012
41.1967193508816
37.8288429456119
-81.3945326092088
-22.8566708715709
53.8199457592602
-86.271502246347
-74.434407444429
58.8746971646981
-77.7424950921503
51.3345234312695
58.6046039991787
-33.5114673483774
62.3699048059312
-31.8032218797214
6.71936365431643
60.5971515699059
-64.6005478458254
-94.7611481877134
29.8113844824215
-8.8984487908529
91.7971109658796
0.931330136647585
-12.1716227620753
41.9524821645418
6.97256842553697
99.2222451224557
66.4328493004295
4.23470621198037
8.21086621307007
-16.3669126603049
65.7820710937596
50.6679004219435
-53.2216216310656
-32.1169245488633
51.1861924249893
68.5551156656342
44.5414531631237
-99.4308897401579
13.6424675518379
97.7403069479684
-89.0779504608275
-0.0614246260643487
59.7897188029276
98.7309719630605
-61.5811384534771
61.2834748078891
33.6616359538955
60.9913241621489
-16.9340840023804
10.8277880133732
8.5110407426377
-23.5027101129599
3.90912770700032
-39.8757792200668
42.6644793516342
20.8264296822876
8.84092850511629
63.3541276403433
-58.2772357742503
51.6695610898468
53.6437749589526
-82.7808130054352
88.3455884396721
-7.47686458412285
5.60587715096116
-39.8168096421545
-18.9933391029141
80.9487309669542
-43.7648141111254
-81.8583872232809
96.2405224358066
-28.9769442557301
22.7693703485793
36.8706177413246
-63.270763791354
34.2594930824046
-74.5809513598855
-18.0958824734253
-78.2973509001509
12.5489703735543
-38.4310181035241
-91.5133430423035
-71.9850537454361
-6.67572081225748
-47.5393818074402
39.8486496858073
-99.1413234799258
24.210262673358
4.14367945237642
-2.6813154738581
-32.9332499873931
14.5200879157059
80.2327434165576
28.6520931602254
-12.166632050558
-22.9754369470769
80.376127996371
93.8261111390121
4.44386422649918
74.2675963643239
-81.5891011156485
29.0747260165469
-54.3478523897528
86.2497026176895
-43.6002305515109
-98.2600053920813
-53.1398208472987
-6.75043720315769
12.5712968023718
17.6043759303297
-91.4985146847131
-95.0176684593192
29.4918962944215
-19.7430078258903
0.512677896965116
-74.9803666857074
81.802986004233
-38.8120258931697
-20.1217510416855
-0.53419561815915
-73.6909046140363
75.918314252472
33.583319565008
34.9887477479637
14.6426186334195
-46.4722483827226
-2.50929113190917
-27.7742419148708
-82.7145582387928
-39.1325514450955
0.0982781265750572
26.1120977758475
-27.7110767193048
-72.7741122539291
-2.9243972945833
-40.5468718628547
-18.5624274618641
22.3286953423955
5.01552781257582
99.0056218950322
-1.89269538127707
89.9489196615816
-75.2356286029377
-68.2879885763114
69.3248804138429
15.7059331636506
-5.06861324557816
77.0984882495304
-21.6590291118239
-20.1295529444912
95.0418667487368
54.0631412731222
-24.4902312662071
-84.5617381093495
-28.095868946202
63.1251611558209
55.4256147946033
-63.7612478843108
-19.4876112624156
-27.3244728905721
51.3062785563867
61.2488512539911
-79.7816352044514
16.4669145927436
-98.433253433073
-1.49895591903241
12.3284715621049
18.4816036499298
-45.1323213107705
-2.38272939226675
-42.7069580375153
-0.183196248287296
63.6556328539046
-12.8753735640774
-29.7775949641099
45.3843812892645
-45.5529727512946
95.3896181611119
76.2863634229856
-63.1820829479649
-48.081409991163
-47.7949168782078
-10.3996581316933
-91.3568329338046
-82.0550529648467
0.723685111272571
24.4328414379743
12.5304420307524
-50.4678107567463
26.6785201114599
-76.1282817292759
96.3618927060615
-30.5655040566551
56.7369893498251
-97.5872405911362
-53.5583412619797
30.3272161717586
57.6074607774908
-88.3790555424774
90.826093740806
88.3079785232924
98.7291618019234
30.6507170290888
57.1720902605447
84.3555667562505
-9.83461273451788
1.50047529477201
-30.9216569889155
-58.948431413939
-90.9561320387705
65.9462260240236
-91.1802413100099
-56.9641386854725
10.8251146135271
-46.6896850114282
-67.661399059336
59.8283357791326
60.5936581909439
-27.5643776961086
-66.3395261464392
31.9324905189159
-76.3038637129925
-54.3867707986051
5.21878542207454
-12.6097167897777
46.1626785336762
37.3771385435389
38.7512402624251
-29.0473838913643
8.09344450348181
-29.8492026117366
17.6683036602548
2.97683302985217
-58.0230226540061
-8.79536298991596
30.1372693239823
77.3372080972158
-46.2834419593711
90.2429009121932
17.3113099228798
-23.9715196363673
-52.9323664454116
-27.4235730514751
99.1342986182305
38.8707156654195
6.54582179177113
73.7189049561289
0.670980317774212
-27.8017376476137
19.8733385349106
-46.9264879780625
38.1243400094219
59.1590396715835
32.2906649632029
-97.474569196928
-6.15626357403234
-8.62256878498739
-94.7559087707098
54.6426273978346
90.7903046637768
62.3056699175181
58.6326586190602
75.3465646431541
-74.3242606498935
77.660556247514
51.1853342631394
-37.114638261453
3.00601864339769
0.174082174662843
16.3018174189294
17.7103051101155
46.9469765340361
-3.01194112916345
-40.7561791246061
18.8746306156182
-25.8668716858032
79.3055312791385
32.5857715605032
-82.7971919908088
20.482326060524
37.1991818131676
90.7952102145413
40.199008828496
18.0076706164625
-43.3703135243218
-3.96950840973116
52.5451374080095
15.8035701825599
-47.5744116113749
-46.5247303299054
-22.2336327923514
-54.5976927001701
3.01622474838422
-49.2395821003662
-73.3065404336002
29.3388511780811
-78.9515386295346
-93.3003403430608
-12.929868728543
-63.2613329810762
-27.9041662526225
99.245052588524
-89.6740106254971
-64.0379977416923
-22.7030165362614
50.5034551034526
71.5456464905714
-78.5722719720594
-47.0399063162766
7.74853813973207
53.1534540268408
-76.8205559633819
21.1641740320754
-17.3901511822057
-8.09685516082791
55.1952897214234
-39.1572851441103
-60.2079417939959
-2.0779335701551
4.84823331229137
43.8483153737561
85.5996167086799
-16.2850843942903
-45.9988047922204
-26.292140931389
-60.8707284048355
-97.9752189215957
49.0807614825331
46.1984984954288
71.4218789022839
73.0621703789829
74.5476398340137
-21.8765460885409
21.3600632803251
-18.3556157920009
17.298591245354
57.6531208366483
-11.1334448131754
2.03366875902524
79.3254204546463
-98.1963197235086
-15.9538801040478
77.7716147250253
-17.1255208345026
-43.636140632333
94.5432876337562
19.583344855305
91.3865255491358
-86.8343064151572
16.5330620496405
-62.6141154213686
43.3081049348197
9.22566209085283
-41.0934040460408
52.5632482337803
76.847424253995
-4.47552101829305
-28.331803053069
53.6973170985735
23.0884813915727
72.1419700998458
66.608843067889
-26.7966097131926
44.7532706327992
68.7817430335083
8.08766381963847
28.0961634650249
-33.8936989057047
-9.52633577440809
-46.4222769843726
-90.3865572956922
-76.5080850584701
-21.7660986925292
-74.6260666296558
-92.5217105560797
94.2959194718002
23.606822675759
-30.6653897355732
-4.44093776540652
-83.5328900962137
39.5850115186569
15.3782332118396
-6.64782727082256
6.98743799047352
-63.0275648011938
5.36167699204289
54.2147983439876
6.65928492359803
11.0757081195254
43.1419596825775
19.0623273139348
-57.4462815130978
61.2436666842818
49.609221436184
20.316435003454
0.712339467915948
23.4476604450785
61.9131128469009
-40.7518691358428
40.9697888613883
7.81815413198519
95.0606371956192
48.2977798210081
-38.8253160210664
17.8607377804054
-6.42981963410109
-11.6795705678391
86.6289387168955
-94.4223625822269
20.331507437678
-15.1127354085339
-29.7505756427617
60.7844486358991
33.5494883900241
24.9073355488128
-11.8809855021823
23.6339599181093
24.9202057586002
80.9986111617757
-37.2556015344557
9.08104582867644
3.06157118523744
57.056924098686
-72.2570674225586
17.6506209705597
96.0886266575494
14.4678466302077
-20.4561408139844
61.7635907030659
16.4876275714464
30.638522758548
3.81073684924495
17.2364449999106
-17.2389898229462
-64.1711111193809
2.84464139318681
82.65537747718
-48.4029673834071
-64.8670499173531
3.43717003383424
96.3791352862328
-67.4139924390609
54.5153735667151
-32.1960895830452
-8.119838758491
-50.0811446601555
-13.8393058208378
-83.6641802056584
1.06037960185188
-99.9780207549006
-52.2769834670011
-94.3885836128756
-98.692712239283
24.7802049714808
-12.6737331126464
-81.3429016161011
37.7267460886501
-76.6035717503916
69.0717988158711
-51.2713301499437
59.2441515657098
-47.1111555797367
-71.3758594118043
14.1426537087009
43.5494442330105
36.1183112481767
-29.9670929631578
-42.226508251809
2.78710493752455
-85.3130451161691
-61.4453805080848
79.596671619475
-35.0788304431083
36.2685439234819
-55.310703335617
29.2615395736098
-29.2208216129647
-30.4184887167816
-40.8571562304425
-59.9269608101145
6.99906143335167
67.9396287991038
92.9991003997622
97.5994881434472
57.9635017750653
-0.443068731956042
-92.1317800716328
-40.6795461848178
3.21710351745279
-6.35862869070651
28.0064730205402
-0.642817245259936
84.353621224352
82.1836260346499
72.7349748978106
-28.4108313246269
-79.239355466887
-93.4165633980351
64.5410003255525
-82.7544460289158
-23.1179161099912
-76.3263043280708
14.5412512730603
-52.5921367114734
40.1987394956951
-11.9897976161928
74.8496592743495
29.1989173301535
-85.1752519664613
-14.511924397047
78.9670297399993
6.0097005815
-3.82426643345399
44.7859476206048
-12.2834359909404
-78.6852058777464
-25.090709535986
-42.4952573764763
-36.1940185846685
-82.9939850916009
69.7311442112828
68.1321692014408
16.4500183351394
-51.0021468515133
61.6432044637968
56.2976216355477
22.498163736264
4.46000935345469
75.1913683293601
-82.0286015582601
-35.5693887336673
55.3135355198778
-13.4007150310966
-49.8195338416322
32.9026747288391
-69.2360907164911
29.9775511198904
25.8558183402134
74.3753831953109
27.7514810306869
-46.1800862818928
87.2910008051694
83.3653775929727
-44.828927481128
-23.8367621265393
-21.0552843998263
46.3716569443695
29.5163791738636
-46.7949272648474
-68.994058934044
-1.92733892430271
32.3114624734018
-35.7283693099957
-13.5843729352973
48.7749510768976
85.7998124299294
27.1658810282954
-73.3107894199496
-53.0861740812319
-49.4546496327855
-35.0903352348942
50.6264918382402
-95.8659986603803
30.2907699828212
-66.2172590858361
12.9027345709634
59.6246325854552
-0.261757024869475
38.8546520005229
-56.7658941010081
-2.34800740104291
-28.904572128065
-38.0896201969871
34.559641615736
-65.7605962166652
85.6575805823
18.9231666186868
-33.2425285852293
-49.2145155384905
35.5501851410814
52.0682824211844
-77.0360373366188
17.5703802287454
-8.28923543328286
2.69577188861355
-2.404718656118
-33.1434545781391
-21.8827195990499
-40.1792154253153
35.7982311875458
5.58790109390793
-82.1276632282526
-81.0606758155054
-92.5936750698198
-53.6193699429039
-92.5188697177996
64.8712165705746
-0.191797556760685
-39.0499136519265
-4.98287311025825
-70.2595191444664
21.1658515619478
29.10250577276
83.4488693661613
23.5969417328512
41.3972846687576
82.210105340163
-83.4943271458316
-63.8341061805673
-64.2266990815282
-10.6809516587108
-56.8920014619356
67.3441469312484
27.4619455787128
-21.0424926868226
78.7457797908952
48.3810552826778
88.0909401776004
68.2625888880526
26.7030503547926
32.0011246475123
50.8293848238575
-90.4689048140802
32.1943265445182
-74.1726124113492
54.8220616516153
-83.1918288306333
36.5725150116869
33.5382719751627
15.1188090435695
-27.5686476069642
-58.5473536226689
-61.7903076882344
-9.94886607615496
95.8315675537838
-91.3525517536431
-79.7071045511329
-90.4168707788239
14.7995486363952
37.2011807194407
-54.8609417148158
-40.0554299413784
46.6943445845441
48.0964391648075
-19.6948171506909
-35.1593506797304
66.2615273965211
-3.24548810259179
-58.9564592465873
5.77147582870497
4.87151484076137
47.7433690979758
48.697583332101
0.495853108680613
-82.1958831288564
44.8362465104351
-48.0063170980454
40.462814178279
90.9931128388078
71.8243781875561
-21.358231723503
29.2125656542214
-11.7161722810319
-53.9276122961392
-49.272090855556
84.4497349275967
45.2947172974611
-5.18624158773029
-3.33158364961108
19.0170914694383
-78.0061337013209
2.58334625088714
34.602413659278
-36.2483094372919
29.6885792558111
-46.9409156125542
-67.4040902891282
19.6565085867383
82.4538658411373
40.1669018382894
-84.5090567801304
2.80138930497501
44.0585820997501
20.1809164925423
83.0976867670011
-56.9921123609066
-86.2215946648927
-78.9009291725696
-29.6284297992896
-23.1388948123059
50.0377512251322
-18.134894678597
-68.1501615213298
54.62000261924
-91.3696661045293
56.0146712421692
-73.786408192956
-97.1541175818072
6.6304315091041
-40.6239610748654
5.75940825871126
44.7651560430489
-30.5819878947023
-30.3679189765057
-67.2245671488807
-27.3049053187442
-77.5944680112358
-46.6887039322526
-87.3838704351424
-88.0348517861402
-28.8317001937733
-8.55611257387878
85.5388795886966
51.5557880269011
-35.9374910079491
-25.101288436846
30.4205385057979
82.639989347548
