-10.9135384976058
87.7987911449406
41.1822590102408
-40.8458385312228
65.8722464188886
-63.2641279940893
-95.5391057118985
7.33687602909936
61.8584695524529
-9.95611590953565
-20.4076167511245
40.470955112241
-2.2759714797305
95.6731668615677
-11.9654141914983
-2.50657047541998
59.463163915501
59.7299990876334
16.598622003358
-94.9875937236125
-80.3384999533388
94.1702405779315
-66.633335004438
79.3922565748066
41.2603436289862
-90.7552450539295
59.0240952116581
-94.7606342205522
60.7820385584101
11.2689490477429
-84.2857960963037
-60.9684800017727
25.9544486168319
49.6968650899802
-25.0159815496955
14.1887357505752
-51.3352308222269
72.5698733047332
-95.7195161129826
13.470745539923
-30.7974602103969
-74.2919667393397
55.3310534823823
90.8759376018665
-34.4045792048911
-27.7015182350428
-41.547783668613
-1.28398044883835
-24.7539384723908
-1.80272502046255
54.4797459509484
-70.8544983879874
-28.6426198242763
-5.65614302036485
40.1889012892071
28.477182488786
15.0979673751855
-74.0493875589353
-55.7726576031483
-34.5985062153099
-26.6245114524271
-76.2155161111991
-97.6820961956512
-87.4007318018373
95.0761118112834
-2.82774513220477
81.3229394326727
-17.7761718648023
29.2927848031622
24.6998096514173
14.2708955721912
-94.3512860329081
-63.1618843402967
86.847595698608
8.03536030996854
63.2753439155141
-72.8124223084824
72.2317191377167
62.177532550444
-61.9069268072494
-81.5331315856406
-91.191828009455
22.7785913928101
-23.2155712268444
20.4482232416898
36.851957010232
-69.7291330408459
-49.2315807474734
-75.2796310659763
66.8272022790358
45.6133653505542
44.1326026983699
70.9488876592357
-52.3319129462582
-17.4565356502804
57.6681438105075
-25.8624677299283
5.08021652548794
-61.2724986656117
-87.6109146282571
-46.170010129222
-48.0635268588384
37.2312595152247
-46.772219528151
95.8256775276621
68.7213797024637
-51.6257654645564
15.6925078697104
-49.2807413404389
-71.4495047769173
19.0876295900264
-89.9125830305481
74.3047607050003
-59.860933943618
55.7185932885499
-37.8612201438502
82.4013366175469
-77.6010691686569
21.1509898354635
-99.3720955731654
-56.1916905021148
36.742507825454
-68.034361932576
9.63340827476884
68.8394898781841
-92.6561626743451
-5.32117374121044
11.0826173401988
-40.90314262791
-28.3045038588016
-53.8330929255326
-1.61137558361159
56.2820474461012
98.2158057648549
24.5869743457301
-41.5507357274879
29.4262758506725
-61.1709288100082
-46.8447221527785
-76.6145448208049
-37.1847837766416
68.2410522906733
66.675647716667
-25.257071855772
-26.4408923603028
72.3052496591432
30.7308055195691
-67.8732865649862
18.5607952192039
-98.9237716899179
52.5212132543482
-35.1510794411365
-22.4071622955245
-17.1910682475065
75.9423718102975
-93.9393457690631
-70.3158965581846
75.7322498264728
-50.2604198502641
58.4468380316328
-22.4687759618439
-37.7934831052418
-45.5939985950789
10.3585101763667
-87.1755515414841
81.3084342177116
92.4017639612783
26.3831149807602
-3.10921504300734
78.2028140671884
6.41994236888283
-60.6619593803279
-31.8860722437337
59.6652309244481
-65.1389461633326
66.608009025309
-83.2331820501245
-50.864509093833
4.36459665656706
-48.8574998939936
-78.2259907666765
10.4650774755208
42.1682071475914
-88.0790723392882
72.0099302222585
82.2461413427149
37.0950120195894
-25.5481102631685
61.2252270317011
18.7784705121393
91.4271302223858
-6.06978635303479
-71.4220188161549
54.8305313001357
-99.9812309205551
2.57120931695276
-79.1465295384659
-98.0351984124119
-31.9946252833235
26.1908766025899
94.5020120145717
-13.4345945096576
-1.29715962626234
-68.2973909568934
-82.6815621864266
-24.631314026843
30.1477541880724
65.3693296615544
-45.6684615959983
-3.50948672160587
-36.9125002644075
69.578938633783
30.2950140671738
28.2876823824124
80.1602114696038
13.7468072969744
-5.4726100632155
-9.61422214153774
-26.1674616281297
-36.6497407484078
-37.1634651301728
-43.6389439599367
93.9975996475443
19.0611910647518
33.0423877117211
61.838331435023
-64.0425896593956
16.0847705034589
18.5077370390153
-85.9864806674046
-83.0397142740024
-68.3155074220165
-68.5600197132229
31.683497525024
-64.8131768173249
30.516894627353
2.50358579454351
-47.1785582948527
-58.2357445225179
75.932466750812
64.478475540247
-82.512671951978
78.1791080546439
77.9712068319329
84.2147781693244
-12.2263516979157
36.5978474127094
-90.3120078727868
-19.5613339933685
45.2326507202466
-46.2656569451639
-81.2900821713076
-42.1384379990766
40.0499944316372
42.167158386017
1.87664217812365
61.6726927152976
-49.0507213714565
62.3208652963188
55.7076892373584
54.6055211002681
-44.5831551926158
77.3807093533965
-15.0980100580253
-83.180355759306
23.2275407935186
94.4767540028902
66.0320385336343
80.1751129267589
9.4650071014692
60.3295086145531
-90.1164698485914
-75.9641482934092
94.664946049863
65.3588277989874
-69.3422533609643
-34.0253182895636
-6.14139101354773
59.4232662553493
40.807785590415
57.8494184513144
-11.731624293664
-98.8731734734259
-10.0429145570678
65.0980679226857
49.8270173546799
50.8286789077454
58.8578559614865
-93.9954715806993
17.6238012489684
-78.1941191990768
97.3490907230779
90.3346294689518
25.3302065921107
-93.7634342847552
87.2637160624698
25.8604956963683
18.2872902346496
24.1488134593793
-21.8802267504773
-4.77662276490454
49.7132444375476
98.9785881316801
-77.8559975591851
48.7184623335953
-85.5171521586121
-32.7636902844457
69.4497437687683
50.0611623177873
96.0087041417278
55.2039928487135
97.8283639635015
42.462494285928
33.9785987361336
-46.7346371459545
-76.2940359225907
-91.4079205915209
88.7511849401839
44.1182256888998
37.8234089986028
37.4238001431608
32.5521785008749
28.3678521233084
47.0978465648694
10.2501030236952
12.278728007781
35.855259507152
18.9835079885495
-25.2762225212336
-89.3427367218954
99.1101986626855
-12.3148662077699
34.2197724758078
-10.7796608850928
58.2239247289258
-46.4515979038032
41.4393312953707
-15.6988196112568
-65.2301557503803
46.1159945727117
-35.3438152584819
38.7437426027216
8.53696090156053
-36.3823206472242
46.588341136432
39.6781250713859
3.11206360811518
-3.55597809389705
-86.1990273842622
37.3956503211487
-14.5900893056857
-53.2317630744177
65.9166054722693
58.3080153161605
-81.7973745541491
-94.8484903263172
35.0733562331596
25.6462247339505
-47.3612110036206
92.9621756608138
53.2837273644456
14.0180242157093
27.3231517786075
-71.259430752677
-82.1279981860011
18.3052172245913
-68.3967808840825
51.7940140755155
-80.5128954147468
-56.5051596231801
-53.0330085269941
69.4788325711641
-91.7751706093731
2.32765456352233
85.3489093586592
-50.6090130927789
67.8259236957036
-41.9331883977807
-96.8658746073999
80.2515102777227
-1.24095631868013
-92.7911930151388
-54.0943662113213
77.8919730399948
-62.802639923104
-17.3359803370455
28.4535170259595
-49.6138618474233
43.9838618333949
-0.607445697076898
62.8198967899661
66.1731999416022
9.67980916901922
98.7008349081414
86.1777079883099
78.7660800623329
-86.6614345905848
-71.8058044987434
-58.9777088169451
-14.863491511134
-90.5831458366838
40.0235140611839
59.0030872553629
-37.4925909885378
69.4887939113904
60.4431393651341
30.6830840660998
45.1495459307418
-95.9657937153433
-89.5388807130872
-56.8970809790595
-50.9625649257941
69.3200661892925
47.6859384213717
-64.9605256934631
-33.1266655415065
-67.3908886736993
-79.6244217586762
29.6171011615142
94.0661163359765
-79.8506921714082
-34.716975832006
-46.5344577764861
-51.560179935851
67.8958063031388
36.9997901966164
76.3916417328856
-37.9422787218589
-24.6008462205314
-0.890158690817714
-8.95965863082166
-63.3404832307127
-52.5415924428415
78.1404337044551
81.0897328829192
-76.6462892392669
72.1788568691384
-36.902425387602
65.6133091162604
90.0289256942908
77.3996550339456
-58.6550231693189
0.302312873568212
-94.1003401311306
-58.0427430092778
-79.6104715105788
-88.7947000615006
91.3197692487987
-78.17310530571
72.8531283420456
-38.619068856657
-73.1877886066439
-69.7498398963268
-16.6184001164056
71.2852887339085
75.534260345692
36.5489228874254
20.222559426419
77.4760807330623
42.6147489960662
-27.9792256370395
-69.5205011645206
-39.419515270278
51.9482644233325
24.0553040267982
77.8501644223467
19.3100657465753
82.2477353710508
97.0244139282943
40.9080002490526
33.151532739791
75.3491847628503
-66.1345258629653
-73.1518807776838
-5.37875773655489
94.8665450890944
2.89693252117533
88.7674121851003
31.3522640043704
99.6272343088587
-82.9584890754169
-70.514776139969
-9.183627318839
52.0485076357321
80.0196368555161
-22.9371443729905
10.1896408428957
-8.53935496639079
52.6686662204981
-35.9441645386709
70.6733771887513
98.3898674066852
-61.1984952349116
-33.3498272830737
-45.7119597709669
-72.2836729574933
12.1187760459209
22.1299155811363
14.5399280422082
-52.8677704054042
95.9914054234318
4.52960611273258
-28.4392359356889
25.8010622119696
29.5506108560718
93.9305133236106
38.2654447782775
-77.8966882672898
38.6191321583549
-7.72783207062029
-59.9313454259853
60.3703173345963
-46.9318799948034
-6.53919852583437
22.4183426895059
59.3886103377019
-11.2126069979543
82.4274916398916
-23.5908133139436
28.4157313165092
-92.6243145088831
97.5202905433648
-97.2335452829306
11.0996884228922
48.2838859356639
-2.4402546242915
46.559733254971
-47.0442648217689
-26.5344043693925
73.6430653380317
2.78813415208094
-43.7889094803897
-60.8650281155521
58.271189219116
71.1744751883578
-14.0575752092869
-36.3986871959677
-73.1126706167276
-58.6453133934276
-53.6349801116174
13.0100350907391
47.2630351803906
63.2980223762491
-68.2602547434428
-17.1739495579203
97.5583195823309
29.8651381147499
-0.497166790596893
60.5442076859162
-55.2411473915961
-33.7007631113628
-25.5121076023343
-34.3260344587924
7.83756630145808
-52.2293108635413
94.3586321090269
30.0705766914837
3.33149898207029
-36.6216991079153
-63.2544449035313
92.0943131525809
-48.7570164853896
45.7083550645329
29.7351457596669
-56.8084037328793
76.3316479405588
-80.870282407712
-82.4823318098136
-83.261113766958
-0.475214953206603
-31.972911198125
10.3426483252592
-47.3486339988044
-46.8160478989982
41.072523132336
-72.7191578411119
91.0593546881046
-61.2230855768308
88.936007758373
1.05924690755418
-29.9936051243784
-71.7971688326413
-27.5167377605381
-62.3991161915395
-13.2425041237304
86.3960956966119
30.3017455055372
-12.3770894347374
27.3669487660632
-68.0953949792502
51.9150200571712
79.5127459235667
47.6969780312531
-88.8585484145284
-47.679569846791
-77.9819040892227
-93.1386289072671
52.5861104220412
23.0872560579414
-92.5839713460654
-54.1654479942769
33.4884337608735
59.3786936016658
92.0455333779086
88.3914285366914
-17.1200641345762
18.1201841215289
36.4346929076918
41.7164341971821
-68.2647416060558
-34.8675651187066
16.7955721346516
-72.7911460332851
-88.1316005812477
-53.3540427717025
-77.3058283198192
-48.7470210254788
91.8090380113655
-91.2592612389022
9.85375584749673
6.10382168751535
59.4616959174828
-27.3186969029869
50.7920961144372
54.5145900536739
-35.4779067161278
-85.966865057756
71.0968862879004
60.9841252784586
-89.551493771908
-6.0326192625505
-71.3066187196559
54.6227988890265
-71.6115649353607
17.0936579514219
71.2610053511715
-43.2568462219599
5.68023803198308
-4.19449262457793
74.1817295067471
31.0910506601252
91.607445312596
-43.1730652735217
16.3170096175172
15.9667797101304
-56.3346909842262
53.8999036907929
86.4315847602494
45.3598793952124
-48.2048804455895
27.8300857731436
-90.340422324414
-2.83076722063001
29.3825797538159
-1.63865876710683
80.6682588874047
73.3891103289176
3.31985822340212
35.6278096074747
-47.7719359315663
-30.3609582515309
74.58562212314
-95.1880267941256
19.4543707998542
95.943252293785
-8.54521136129839
39.313869000119
37.0665827464344
64.286466445314
78.5586560237325
-87.1025666313412
-6.49984569030937
-60.4602577844003
6.41952392416188
-57.1811672253416
75.356672575117
-83.5130861708427
68.6447246976441
12.5153542352886
-22.204418114049
-70.0728054387337
-71.5005897596552
-46.3277483191973
3.08938777750969
-43.2957015357466
-67.6244538696445
31.2980011339935
69.2424925308845
-15.2183901475132
75.1167852192193
-98.7085949158826
57.516460536005
95.4736865219031
89.4992697526575
-42.3954375481819
35.305560038016
44.4069839275295
-80.2870173631228
-32.136408791279
-18.0872953460974
-19.6847287375988
-27.2809846970249
-91.1364461105172
74.9991344658333
-73.3879860555942
24.57332236311
-58.514254706177
-25.8241545853516
21.313264792778
50.616153608549
93.6277599878491
78.493421637093
-63.0914193349982
42.614482219695
-33.3512808422183
-37.6983315737839
96.6667390052281
38.1113426496703
-35.6813786063739
94.7490990375451
-88.3500464577307
-0.0454301045066927
-77.4205259635847
-92.0464537274748
-87.4970285783433
-47.7108832150356
-57.5048937307976
76.4118544484144
-57.4065995668234
30.245177792292
4.774990999038
-7.23065576451674
-84.0043417924933
-60.9704651175505
36.2366091013392
-31.2879742739823
-47.8983945670786
88.8390146144476
-58.2182734035742
94.5000136237739
-33.9538987108793
-43.456039984608
-35.2658767715063
69.1117935099068
-78.221667208425
18.5057518078077
33.1625050886587
-37.8570095459796
-90.6896229042945
8.74539187094628
-72.841586618976
92.4148006429048
-83.7162702288622
-30.6633390538248
-28.5024053191337
36.4448838600932
-82.6444881066852
-80.5104561798966
88.2908259319254
-5.03962584266073
97.2255434451841
58.7780118496118
21.7092593455625
-8.19630525978634
-39.4316016775833
-73.4147099988268
-26.5803679637104
-15.9803693335726
15.253915799535
70.8412682838394
76.982765865248
-53.032617153445
-59.897854492391
51.7940784332006
-44.9333965606366
-43.9778299227234
97.1627892010289
1.06740206694309
88.0907566047442
-66.8037268251258
-44.4641695701852
53.2513061943462
27.9830417627788
-87.2343406183882
-89.3340322181635
-35.6687566470239
-61.720319253202
-39.3070629570154
-92.2283932090094
-61.772114977621
-22.3173041782042
86.597738129635
-56.3998423996113
-89.2137213304392
80.4012457939206
-3.86519181558708
-53.2428967593751
70.4519919715252
77.0288958138737
-14.0901298747215
-65.8770005287052
50.5797578357043
-86.4178157389618
19.1017084375381
-55.5062659443861
-67.0635406403203
-36.8703020974112
-68.7956240270525
35.4047292421168
17.6966981305756
76.8092440130562
-7.66698636398704
27.3985920072297
69.4072679530813
72.3701541636992
1.48264067147772
-98.43994685726
54.0910629346243
75.5575140596663
-88.3633624783694
46.7733338228233
-24.6096197790704
-26.5677093912961
-83.8465195844089
-80.497243725772
37.6969914873111
-3.62399266187111
24.2788498886102
-46.9830525212174
32.062660451036
85.2192925134673
41.553089534534
-7.19908004788742
-82.09753698563
-51.4555608923563
-45.275240057513
-56.9278152165085
13.4808580939311
-92.7014875326353
9.73231085254038
79.3071989621138
-93.6253761071828
58.3202737517217
88.7933069580658
58.150341442124
54.6806026029001
-62.5820656399201
66.4619153974431
82.2518765735698
-12.8960405565267
87.5976564507954
33.3270739544237
-86.2093776727989
19.1042207994146
-24.2238615508588
35.2146592947583
31.4508483021371
29.6528349321906
-4.01598914725588
-33.1189500325952
65.4406657323391
-88.7740068099222
89.982388848836
-24.1922712432271
-37.7254720066476
12.7564489476098
38.8588551906767
32.3509327942323
33.0374021567989
-96.0210895487536
67.4664213016097
17.5075571695142
-58.5772757148313
15.7322069855321
94.7584037868153
18.6431581598278
-76.4301804262912
47.4503269838969
96.503624372854
82.5712171259877
-79.5053377284771
23.3201401373993
6.40013507989985
83.4231232773703
-58.1958607815903
-3.7093716403615
-9.51346392298478
47.5691933347275
-91.1585550021299
-79.5028288331614
-44.186954987576
-40.6976331620309
-8.4064748896231
-56.9411630355612
-90.7909921666438
-51.5772708417797
-61.6550239590928
18.0692546921148
54.1833525177846
8.73088895980172
-73.5156784615838
-37.6208165808566
25.5603391310993
-4.82361887417001
95.8484716983225
-24.7741511535903
-44.3559214176766
-90.7480519406686
-18.1478754635296
-90.0659812974089
17.7604239587389
95.2054169144512
0.765149963473476
19.1292481166047
24.2336626150366
-69.9921140338701
45.4396758070367
38.8934026738252
59.4054011332196
15.731616148217
-2.68860449297259
-99.880794425076
47.2108982725447
-1.32390011340566
51.9703113603447
-66.5298148796891
39.7613183132446
9.81979513003938
-38.9245751215456
-83.1654926606942
39.0964331120869
70.4749399594195
46.5817038981096
88.1836767962922
-20.584102781822
44.3629523909885
84.0647509689273
42.9869814476795
-21.1865015082896
-58.3353934372497
37.8594356468843
-29.1601364151822
-31.1600166961192
-63.7503275721348
-67.6913861232262
26.3995608479149
68.9212154108462
81.1661133049198
25.5090307425357
-84.5928666168538
68.5584312220359
-31.3605507990424
-28.8951588121736
-1.23450667138971
-5.23565238524959
52.9692874773208
-92.016487930527
-76.3863057310548
91.0908957266203
46.4313679571777
-97.6165595988876
26.3348034290888
-95.5490008503289
41.2125945338881
86.2516696919131
17.158740649913
-71.7452163967277
-9.14379623667804
76.2196062125463
50.2269250475364
38.5694975737439
-5.95022897087193
-70.2277341678125
26.8664789106761
-4.48337955677374
-96.7552800209735
83.4346737711475
-90.5083238298583
6.45325940885407
-97.9058613099556
-6.43691441834056
-62.3372029846459
33.8930911972996
-2.67864131574174
-86.7018061373906
89.4339947211215
71.8422065384563
-96.4500384671048
-96.7536018500694
-95.6928136183099
-95.675468872198
-24.2026959709678
-14.9162481889552
84.8259350329062
56.0165304114128
94.1679642653436
-22.863255650396
-85.9064535365792
-8.25515469030111
10.8706467004097
