-28.2721415059112
54.1231272801245
89.8434396585635
16.0486424743547
-22.0515999471619
-54.596635558549
70.1939821743645
-12.1857546859663
-58.8344775770553
-54.4402399681469
85.0406148663699
15.7061406545506
-4.57161937168819
94.4934658944151
78.7436360790845
64.8656194320642
-7.39427774673858
-50.7000614695284
-60.5554957248523
57.5797649900717
-3.47515885322575
36.6011967908798
-87.3324449917887
-72.2881387582546
-30.3138563291615
6.43274795940223
-59.2012810900169
-36.9479510930298
56.9780108661659
-59.3361281505801
11.3880396633018
-5.81712659124746
-85.5137830280387
-86.2609408137036
38.3508230439982
76.3225798437122
-86.5882356943603
13.7012386915997
62.7259358702225
4.89461912680287
79.4007186094589
-69.695321409529
59.2028610815472
-74.3781142748408
63.0474363372181
83.4271558183987
41.4872763791571
49.6940649032422
-35.9856020663111
46.8817947015181
-23.8563430232702
45.5412379058594
-53.7680350023685
-97.914124675808
22.1050203456111
-34.3311663110638
75.230679441656
-17.8416137284574
-9.32047866776954
74.9474460348956
-14.0832701202065
45.5414579819316
-48.004525085625
83.2546098506865
-37.4285393690122
-28.8543702172668
51.572158542373
49.1386587636774
-7.26993422052551
-35.6345583829145
-18.9924848742286
22.3427117482143
22.7750905774769
38.428202471676
85.9668174592784
-83.7431676971179
8.40720849772798
-54.053872732523
53.8168626626793
84.0680957567182
-36.0135783910903
90.9138907512236
91.6956063998477
-89.4996258248957
-58.3735444472795
-1.6798471718112
67.3271209436273
48.6732017610415
7.38487322728056
26.0073517367084
-15.3175222333248
-74.9432477462032
6.90034593590025
-9.99248162387447
-66.2767517233919
75.3337142119845
11.8069169727904
-80.054473416335
-69.100842911037
-68.3105779351592
47.8200540637695
-52.6529167179854
-35.7590025446205
38.758760742666
99.4572555302487
-3.47455137920245
87.8444791089715
-85.5073570982311
-94.6976583008112
-67.3048887929484
-58.9825683955969
-98.6958131147223
-43.0883304896879
-70.5284293622205
71.3250433006095
5.1808984013737
58.0170266564381
22.6272648285255
-39.7435060587511
-85.4559500870702
87.7602986222395
-80.3383081355275
56.8610928662114
-68.352006810458
-30.0918297988262
77.0709569202336
-46.6006076792493
-77.2391076487628
16.6625131448297
17.4375676251165
49.6414325438619
-4.28284603756569
-40.1430976557046
-40.2665342196873
90.4065383571369
-57.9198375726524
-87.3454053844462
67.434339031627
-39.3473143064519
38.4237102954939
65.5697776164518
-51.4153047906372
20.7968837384583
-23.7333479318952
-39.2568284956827
-98.4850369394401
-15.3411766510843
-1.72202549799422
-98.4953668088241
-54.196195966478
-66.1486742444333
-28.0520135300997
90.3127949512926
14.2181668522438
52.5576278915576
78.4420160289021
15.1853048597525
-57.20957813655
-60.1088659481589
-94.188627675786
91.4643647921368
59.3627291086715
-94.054297053713
-19.0869775059679
93.6229751936312
48.0448143170783
-75.2779394033407
-86.0736338559336
53.6549797961437
-37.7755238540519
85.2045458703732
22.080994878948
42.8187107002398
-60.4107597811201
80.1774449662207
-17.7059776733075
-38.068574198936
-2.84571504851601
49.74100453518
31.9898252145153
43.3607392066298
93.7160395896703
-13.0924290211423
78.4799229780357
-8.31635921245841
-80.0138112300433
95.3163229256183
21.3601903761182
37.7380747603582
-33.8178461119839
-22.249367246933
92.5594524487604
-74.1993050089456
-44.0452919410062
-54.9557157204729
-18.3428314437539
-98.5607092953966
-46.5559134592181
54.1659783693199
-76.0874689960254
55.392000551367
11.0145193762394
-60.1342830546402
-27.013994370965
41.9346605286092
78.095240250216
93.5926448990336
39.4337018406991
-37.7590518593101
-95.5817564587069
-89.7039651832117
39.0472826586773
-2.47284769554516
-82.1020427206957
-8.65957285536851
74.3461521095043
-47.9771330736723
-67.4436349144623
32.0463538320059
0.0366979434954402
70.9049027082484
87.0923831984964
76.0253879417035
80.3110745091997
-55.185142644657
-55.2513737484859
-30.4148831246802
36.6218808661818
74.8954389289708
-85.33148445559
-12.4430837465006
99.1946743430322
-48.753091245998
-50.7486924297469
-99.2393824449815
-34.7086717081369
-59.7920005354899
-82.9512395447677
34.8856857421839
13.3232221900134
19.5800480988683
62.2325904948609
59.0517050474666
-24.3843880404546
-92.5173035071671
-18.194914136251
-39.0578794804822
-49.1665045340653
-27.9867302308302
-7.39136304505293
21.9913515288769
-0.0104759669651742
-26.062006310662
-62.8261723740313
98.4851187880489
82.219439141097
10.6178636965355
90.7356378980338
14.5618568015739
-94.7046094360143
-63.8698481530705
-0.353914905622091
89.419588088118
-71.1021558803469
-44.5603287602232
7.85198978874455
-25.5442663514347
-68.6559790886621
-18.0211573542383
-51.4946909412402
-31.07591743024
81.9230605236168
33.4417516029764
8.26911746691137
-73.2899669149346
67.0469602708447
47.7588762091017
55.7668540367618
-95.2679627587097
18.2227688298
-72.1954511421615
-43.1410946424517
61.2319563864035
-96.6104977369922
83.9326559637336
-60.3375537888903
-50.3614527351075
67.331183881574
83.0324643553693
-1.58617437385224
61.1963766419098
-30.5960771685758
-22.3187591855655
65.4288609788991
-10.2088782410898
15.8584238820037
68.1881632533337
13.5496205784908
-62.3063108290053
13.0843918657597
27.6696155811665
-62.1723071480259
-94.1613246159075
17.9753377796236
91.6120392267366
84.6753258647628
38.8403622485736
-32.3188953905244
-1.80173618752202
-23.3203396640874
-58.8812456040908
-39.6962511971277
-10.7835933373068
61.6163445340308
-38.1164603594878
76.4515759263514
-29.9008940608911
-94.8432714386282
-69.8218726647703
-98.9271959549203
-17.246648258198
34.5260688871792
50.8661047475533
99.9634991754221
57.3291075844774
48.5508058441517
-47.3020779620657
-33.8969550954808
-73.0487879496262
-97.5979806092928
25.775509633708
-22.9008961350785
94.8019758270312
-34.6929598405176
-95.9263701065809
-34.6318547268785
-50.4145796168747
59.0445011037748
-94.5562098365876
77.3134844297197
-59.7267021688594
91.7694054850889
81.7130984434431
-98.4756317703137
34.9245558549634
-50.6268241024314
-98.1668344104602
3.52516522460999
-1.90392856419224
-54.0212646957178
-40.5359347753892
-2.98231692198378
-10.0241158852991
-17.4535680254575
-27.7047750775257
5.22109154253654
-43.9973961113806
-32.3578241351072
35.4703615566652
-41.3158006950488
93.5611704103657
-78.8071599626192
85.0976550426326
-71.6092394725386
72.8685596311335
-44.3947640518443
-28.0193385118886
49.3192219698201
56.4818532343336
97.0698140453607
94.9175698239209
69.736961369866
8.14136615828846
-83.9390608087431
70.8851353985411
75.0404599427963
9.26785478337226
-87.9208895509924
-76.2259004712919
-86.7074135619205
-30.9445093043933
-18.0869438831869
39.5372577304105
-0.570181410389054
-32.9540043535384
-20.9953963154519
42.7702412713997
58.2929939374036
48.3108568325762
-76.7045215724052
13.4911899850246
-38.8333028195813
-90.6700648876386
76.3170640888062
-8.75204021766025
99.0402244611329
21.2897313058773
8.33774744866224
42.841476276146
-59.4088004560325
-18.5656924375481
-71.36339415879
12.4777540066828
52.6033844236236
62.7439450345956
24.8676185465635
-66.9029301122405
-48.221931725598
-74.5679097435303
85.7935872250999
-77.2516106049941
52.5686430228985
40.4415930111821
50.2025428952059
42.1075814889849
-56.7678225753292
23.6209427538821
97.7362218423167
85.353094518303
-59.899481854587
-9.40904315143941
26.9978818761695
-20.3240702231108
-73.2408960829577
-63.540288163098
-81.7483385051102
8.7093557978569
34.2477544547989
74.8308989043425
-90.0336469084543
-67.5846353060832
-65.5944329606863
3.78066448012359
-27.51663578372
-50.5653587569377
37.9057416526356
-17.4884012449683
70.682135927982
45.9351907160297
5.01879580632365
-58.8342231212106
-84.4729146810735
-93.2713410405928
-42.8819400367582
99.0974363771394
8.37040665190464
92.8674170876633
54.3165555855197
23.1527773234195
51.1122017236733
38.4596230273868
-26.892219130835
-90.1979985019947
-18.5701547819092
-32.392894783024
21.6896814900527
54.742673536997
-18.9290493309652
28.233241062445
-80.2001698680372
-4.70712950448021
-42.7800361096976
74.6437643575343
-72.1938925236663
-78.5020455496881
-17.448773806918
70.6508267650354
-37.2154689996561
-40.9387376327206
-37.8082842445047
-38.2564214111717
-9.03995600310805
66.0231512542416
-29.7115934538732
-58.1709567647628
71.5248330206113
42.8908820819315
59.6579046368579
-51.8944782753128
-29.2782402217047
-50.2041764122032
65.8572561723292
3.07688502389516
62.1586770132274
-16.2957736352863
97.6305725899098
-73.7856688702166
-20.6561472948024
-60.8379999342708
23.0670980053377
65.0404428125142
-35.5002640995233
18.1213055020131
-7.06268754107307
-7.65067789703104
86.9111472459118
84.0352682819295
-35.6412746875312
49.9616591443095
26.521173271453
93.1868348121992
-46.4014794344327
-24.6445560734708
52.8201404584269
-11.0839716456967
-51.2783428420422
85.4063590326581
-9.53792056059861
16.7169197914773
89.599841596756
75.9011453014444
-57.3089306717749
51.3461977413696
-30.1436478934656
-55.4649298370879
85.896707818466
22.7896111876719
-4.74674399562515
59.518329841463
94.0197633865032
69.7262284429735
-17.6695785323887
-51.6348222542873
-24.0103034135665
-22.8758327355395
12.5313612931514
13.8617942999329
10.9514295940057
-78.4335905201438
7.87922185124744
29.4872050943603
-32.6422628326767
-26.9138717667058
-34.2696416881624
91.318018070148
-44.1983352298953
15.2173011575932
90.5268209460192
-23.6921740412099
-82.8567442743747
77.2053680179304
79.9678853256713
-64.1936833533424
47.4324234531626
-54.9386568538993
18.4889128446371
-54.8021920852259
27.1629230341457
-31.9728156257745
23.8032329823493
-91.4868279877415
80.2045790215186
-61.5306830603848
-69.2593386862011
-24.978477589676
4.98892894440573
-30.6566577907305
69.8569643393139
32.3569874104443
-54.5999357375485
7.1284742532513
33.9937491373384
22.8175241225619
6.41933602213342
-12.8061869819478
36.7483235243549
-62.2097065825653
65.8614498980933
71.5958980169786
96.7274957537003
-51.1867892281423
-80.9282814716042
-84.4983821662546
4.7473905957943
-69.2934351431606
63.3592775447252
43.1290095766002
43.7505179874935
-7.11126170774502
21.5552768543982
-38.3258901195074
40.9098307019129
-46.5757739913878
65.4732813325469
-85.8820017463678
90.8157721729313
22.2048853074808
19.1186022275868
7.43890398642124
96.037459922291
20.0100351525187
-63.5290674359915
20.938426575048
-42.3728627134616
34.5276963390609
-20.0928330780663
-36.8880699724794
45.8541313188985
71.4127282689766
47.6876456215703
-55.0024681972245
2.64418026824896
87.2446614003872
63.2124052280324
83.6079635828232
43.4858117728096
-92.0341740351387
59.919192505748
52.4563972450474
-75.2337696154776
10.6468624200161
10.8134409894814
79.0213552183601
54.5111972835258
-5.82307134925929
29.5837486243717
9.8315359547465
-20.5511776412061
62.1669683438023
-38.4436181837418
-14.3202561707379
-3.7124153812947
17.4677412749667
-64.9092350235651
89.7576227151576
-84.6487994022653
51.1425181586499
-5.17405877350299
8.66288031078119
-21.3353911545168
-30.7812227457341
51.4565633793374
29.3900920484188
-17.6713158403358
5.95544864015321
-15.7907558706592
54.4686084984222
-65.4501074066294
-55.4124679953709
97.0460197190462
-98.2072653393126
-81.7470659905458
5.34488164613111
26.3907454036776
-74.8394764396178
86.9100648542731
-55.9889334014572
-96.7647405652127
-2.13463340909421
61.6252546792039
48.4565008838167
92.1104196804759
12.5650677527492
-13.0989280001244
-55.6294374533168
33.8234263871736
25.0935968235602
-9.66581955940863
96.9706819229787
-20.3407031153142
30.3748258692176
76.753505626564
-34.1074896900027
-67.5746899456994
71.1773532040836
-22.9985727826411
-16.1884930602203
16.0655563581549
79.9004479319571
34.3155135970018
83.1760689285235
-30.7812908298977
-14.232475081801
60.0264941058953
-48.9943524234034
82.75012817744
-59.301171297551
-10.6849496035325
-10.5311303326154
-89.2415190181565
-63.342962671185
-5.40821433218287
87.5195364895254
-37.2285852593749
-91.0050949044915
-79.9473489361784
35.2181221051208
88.0223106496285
-46.1520708044368
20.6195898942478
-79.4531124102084
-14.3538826620901
91.8812107238237
-63.0395863288422
62.2304281985291
13.5357446762875
-28.5654864805739
-42.2024956494545
65.2179655013362
45.9442530863909
57.3923590937806
-10.001302954731
-69.8473908415479
-75.6603619301845
-0.0179658551268886
13.9696381124492
71.3304701523045
38.9898509258236
65.0963427696302
21.546834236002
-71.3326563549217
5.61192097446188
14.0310206836477
93.7794453543297
-47.6219634668507
80.3415514131632
63.8914049398534
98.7575618560325
-13.4693936029411
9.52569287199587
63.7786219629592
66.0736662381909
-21.6868157747676
-69.918006502741
-56.6313288418903
46.5978959214442
7.10159569352187
-89.3402036886011
-92.9260900707416
70.6979837966721
-22.6946579214849
-86.0977663428816
98.7299621198229
-74.140798608036
89.9978310652747
-67.762661936666
-36.3583989825737
19.895342337194
-97.7509908967982
-7.12689940840482
78.4749107464315
-8.21148381648742
93.3819663080569
12.4154853214569
-79.4851198694719
25.2089607163164
-8.41857261350069
-8.4154410645896
50.1020080922944
-83.2935638346681
39.2698164520826
-59.5174363815737
44.498339001963
86.4476111528604
84.6875063710699
95.3244617429891
16.7819036981803
-3.04767009003869
-17.579209395273
-8.96090055383802
-12.1239526343502
-70.7499520773073
38.5612325173724
18.1607484459523
-90.4959443266927
33.4460328452735
-77.8746150164684
-97.1690293008946
-66.5630913149458
40.1249655635028
92.4744236970548
-36.5955271225212
79.0673990698451
47.7550441328854
-19.1192706496423
-58.3923456756523
77.657814346684
52.7651256574037
59.8985735674142
-31.823125989285
-9.85157608738506
-39.5577147901991
-53.2711422772659
10.2304493575685
-6.16291494973112
-27.4846881160438
39.5153288975533
39.3122332063957
62.2085701545694
-52.8249972669856
-63.4994262497201
-37.9064053561587
87.2984704072049
-62.2276405967152
-68.7141595815406
18.2490678119352
-11.4566746987915
69.7563376932259
-32.4968047762313
-75.8522877332274
-91.058700869534
75.6924051117961
80.7913431517312
-19.8617379370368
45.5219617268318
-20.7161797215988
80.1751631109113
-50.3236765485093
-61.7688100371954
7.88410953532097
76.8256004843101
35.6332064404353
46.4795609367666
-89.5228801716223
-73.9898507425263
99.6904196098749
1.14632089533548
-71.34281492451
99.3833423281215
-27.4996718976924
-99.8091025410325
-28.7614973281034
38.9289577320085
-2.10161754782928
68.9200549570536
44.3683988981529
-88.2325957472498
65.8205138926614
86.7871686506667
-57.2274836360048
-66.2484175176869
76.3373564896727
68.9543689822091
88.3980684648634
37.6025952818862
-70.7314005738482
-68.8515946897873
13.8055500596192
-56.9207867633303
3.93108169680612
70.2973336164193
-93.4421379332823
73.7624070738224
20.8561310838101
86.323122122571
-87.7943588606967
-3.5299923914496
-58.058558403152
82.1712835520938
88.7568278822434
49.8311868046084
-69.9506570409679
-58.0740596925562
38.3249398987592
-51.0892728335606
-66.1624101610374
-11.5372432808573
51.9247850397169
76.3054931866718
-22.8739730785473
-54.2249347767181
-70.6862800762219
28.6219792488466
-96.5796700341819
-59.8122604017807
54.2794011074065
-72.4891447520136
-42.0203695507398
-20.2923091281786
-54.2942111039476
77.5603984004733
31.2649830797514
-78.5718580144092
30.3569269617774
-29.9386776613003
-19.0268751850421
-24.9548702984936
84.5045631903703
4.65120292565256
-14.1831473602217
-1.53604786606496
-89.6152484396699
15.9366301748654
70.8641883166883
-24.8737407054063
-7.37776724392289
5.11916337833983
-85.4314655393504
-82.6484957071246
-19.6836355590033
45.8093888710931
-81.0807367903935
12.6102243962961
80.1758841460905
-63.4146657362391
-37.1708759437646
-80.3997871163159
32.3752930789267
70.6070243177216
8.63989600128178
-50.970583285782
99.1030867724411
54.7755074814948
83.087188084239
81.1579946751115
4.53314958905734
66.6612793702489
10.2176623858033
-88.0361651478804
90.6484694621755
-9.17089760603052
12.4219901165779
10.7241995913298
2.37681487816526
38.7253992549987
55.669780259879
-19.5192750862289
42.4904610896574
22.8619133853024
-40.248726290353
-61.015627595071
50.8412863238441
-86.1561419079173
73.6429921537789
-20.8339521211893
71.6599465111135
76.023325688911
-24.4038074053309
18.9095838990525
-55.1601616438831
-99.0456982960577
89.3102175740497
-71.3081816285002
46.8794229945913
-52.5850097030993
71.0430604910858
-13.3084742572074
36.0744869400144
63.0986145888147
68.3746776918988
75.2222338989936
17.7160978310286
-13.912939365267
-32.2667288505002
-8.39430198209425
-54.6301879643359
89.5312556639543
-19.5058318689643
59.2438267788321
-4.12960218226259
-11.5528175117098
-13.5499092862654
87.168624751813
6.68733384907736
21.8030245000561
92.0260904093018
-88.4673921744645
-68.8741221351409
-53.4285164680536
-68.4549782969355
43.4994597080411
-10.911131784857
15.077032076823
12.3368463312989
-93.877958767982
93.2052350377143
-71.2042206808322
-74.9885927133717
-24.9673640439096
52.0833323362881
97.0146486117137
74.4758375270598
-25.2033480956805
-8.45895033001575
-47.5549022699798
-40.7544085897508
47.6187111988034
90.4579654027259
37.3689610060615
48.2238662987366
-20.2317007834763
-91.7165415767764
-64.6332406778976
0.680650112574384
-79.8496821056213
-14.3383119238107
-9.34177163192606
9.26320914533835
-14.9062878350507
70.4158053536696
-79.5855465425515
50.5572592667105
-7.76445221508465
56.0730060836497
39.7352311654156
-29.8882606733627
-74.1510351491773
-13.5342118918979
-35.2089439447144
-3.02463258547199
