48.7531569813611
-25.4159955147394
72.8320158174141
75.9226252566419
12.2358012078074
2.82052595976255
-31.5981812400495
40.1164376862496
-72.3322407980471
-65.8146668250945
13.3656997229794
-21.4899077506694
22.4796290969987
-87.2455255457807
36.8786337713018
77.0371672490627
-81.3407398179139
37.7331843550273
77.3212326078321
-15.3923229849665
-23.8308868877147
-32.1535296762382
-74.4823691556377
-65.6845498706305
-61.8333645039516
9.01115815285098
-18.2223294633895
27.0315090630699
61.2359833366848
62.7727565357477
25.8039808865467
2.70098817566817
78.1755493700683
61.5880647395996
-40.2340350126987
81.9140553392505
86.3184161700157
-90.4049947968382
-78.3257195542497
-59.1354254159436
16.7835946911752
-87.8950763191743
-2.92584368988345
-18.2055384297068
40.9554447911323
86.2951525280256
71.9255721352097
58.1863707169069
49.7794147914182
30.4759472604487
58.9971011892468
-89.969313598092
-88.5547608708394
44.4390422114536
-31.5290264759259
75.8369315614605
87.4402913289958
-99.0004165104677
-10.9070749391595
-98.0186011254441
95.0374540832111
-4.61707418699912
95.3027760039554
-76.4615395871702
-95.6552183804283
-34.3205555386288
-71.1723833617026
80.7378917318799
35.1895590596647
47.8114310503329
31.0414374730938
-68.6392939137591
75.3569799933207
86.6022882744892
-42.1567226955396
-11.7934417577995
-68.2121422950159
71.9322121910175
-60.4614487387671
87.7779778451226
-54.3646016201555
-43.2534914729946
-5.97606604133594
-41.7748145957892
66.4115051738976
-57.1914048004412
-44.3487889632739
86.0498992121856
95.3660967270756
84.2409355766481
-90.5887378182145
23.3861670930691
13.1482933701102
-75.5830960078706
-27.0380574093293
75.8460998079464
-65.6364122155964
-2.43558200768634
-60.5035599028871
31.4266189519246
-51.5116643720641
-53.5497934036279
41.2581686113031
31.0643669510988
-61.0973897083156
24.7521571682137
-14.4440346458258
-8.15389317788168
67.061731945906
91.184087109555
80.6846815316826
25.3178418105414
46.5802363981329
13.1982554940584
-98.2256244619579
38.5484844620475
83.9246858158668
32.5676383425092
13.0680947355252
46.6420811557697
57.4666224319808
31.5243733102255
-7.06655534301714
94.3781541923787
42.7139303376562
88.6586871816842
-3.25036662537438
70.9091821991841
-18.1877143649592
-21.7653408840846
19.1435960324926
-17.436478633861
99.4694894297096
-55.5755486693373
70.5905892322035
17.8517911373241
96.1916042117229
52.5591711382272
90.5324168001883
20.099974016088
-38.9463390207069
-15.0693362492078
-85.6454717578971
56.6072611735073
90.5865538834216
17.0501624260297
-11.0132570184613
-88.7843175183763
-81.362075929451
4.44532159279683
15.0578264196651
73.7161295661537
1.46153218421495
22.0255197599507
-28.8232776085137
98.7786960424613
45.0663331107367
94.3994180058033
39.1404115368347
-52.349945909684
11.6686655436752
4.06726842743252
-82.0916774468091
-70.3045695842937
68.2901029472858
-15.3409385395344
30.2415512648259
-71.1131454962841
-47.43428225673
-0.887751793159381
57.9062808323893
-33.9111610265037
-45.0858251382086
-72.5195969046428
-95.1364180192403
-51.8769410229253
-22.8086870850827
84.5057577126053
2.95924531045372
-16.5296826837649
-19.0906735832837
-84.1864436646908
-61.2836467161972
4.55633529775471
26.3842624487231
-18.6944085176934
82.841189265114
-54.2999791986053
9.89833058605328
77.1217473653837
-8.22685810227647
51.5275491000098
98.9177032664518
-29.0730920063057
41.8294101573369
-17.5179066120532
-21.5356813975029
93.7825924199186
-31.9560405667193
87.1528030817303
11.0813976641051
-31.7488979294567
-25.7703414635985
-85.7476592419262
-28.4301785129281
97.3326031139223
-26.6275553538927
-79.470931491839
-17.7461688095348
-11.4428400441845
65.766643891154
83.5981421633689
-52.6114529690331
71.4974518987898
-68.5047952460498
-54.3916634300353
75.7075120030597
-74.2258898842498
73.5954948960293
-52.455662548708
72.5750225307086
-26.1018292885964
-66.9520991537658
60.5706690986493
41.8213549323464
-40.2420837889179
-12.9593424137364
49.8553700097434
-11.5071141693653
83.3460380307251
18.7384796203118
78.1437580384654
-60.4129875454695
73.1289471256136
-82.2973025834127
-3.33782791425871
-21.9637701739694
12.9205866414474
-35.4507945257986
-44.7197191972611
15.9928845272238
97.8318788824716
84.2972994278199
-75.2542321783235
-94.2450952795775
31.2236902480716
13.8974984681767
1.44662259622817
61.1070336396972
-34.2077410462323
33.3456724050611
64.4959210300466
-25.1516540555357
-14.6453675672908
92.5370400219393
66.7178622740301
-70.8291787075449
-76.0676205293576
41.586810253758
-40.7767279968641
59.0197166317894
-18.1806051101896
-44.5311564842747
-46.0964735565501
75.2440986508665
-87.7027358058243
11.9019104179132
-73.3574926281945
-25.6119811792783
-24.5126604883066
87.7342306056911
-14.4068757059533
86.053932433794
-32.4131839913293
28.5601988549435
96.3195457656938
-16.0957347358608
-4.94279682948012
20.861588011121
79.6903746684703
-88.4629565148309
-14.1438791599796
-88.6725657055195
-76.1458363411824
12.3119946112705
-35.4265601014091
35.3506996335806
17.3437523741866
-96.857221088271
-93.9948620415955
-26.1480563342809
-60.910811453855
35.8501719886696
56.5607918284082
33.8654790262119
83.9238619241725
-39.7828977174851
91.2982868352497
-35.3976542275242
97.7466923329582
59.8602716401796
-57.7684262059327
93.8133875530167
17.2246193854766
16.0532026519083
-77.6772914857237
38.1576147337194
66.8704565300497
45.989200258139
-47.6277515678634
-50.4344373925477
84.6687144683762
-66.5846253337909
87.7865324530674
-87.6072175393544
82.850194395595
28.8935393423679
96.2779919690275
61.1399801815188
64.5228218647141
-99.6632903351693
30.1357841507687
-1.71979244557581
-0.206399808340322
67.698433393492
-19.9361573112761
-21.3186407413822
-50.6787653686703
-34.4480430687379
-80.0623896543331
80.2141419555858
-99.2588338413138
26.5837223333517
55.5923366143539
48.5411638608472
-7.87101309037084
-50.8354705618271
-65.0964749407167
74.7106704527335
57.9705977628004
74.8555553295609
-92.3843674860211
-90.6978620141114
-6.86497514900046
-82.1388402673503
25.4342760788493
-55.5436421307226
-34.5408625097254
33.0016825450505
0.652628526879326
-64.5684881366116
-27.7757239984902
-16.5203751374641
72.8152228410084
44.7674427031384
30.1883348964285
-96.7327147708273
-98.3006780621499
-57.4525106036535
72.6250678550603
44.9109168524012
7.77868187539852
37.8567591332087
-62.7831390828597
-54.0194898176565
-90.870233818781
30.7153034318283
-60.1188044360082
23.2695897488206
30.576685917169
45.9823103014191
-17.7464098405368
27.3812908423079
71.5650364084945
-29.2358622476377
98.1692609824337
-39.2603155374355
70.9528669964862
-5.60250639472537
71.278270736501
-48.561580487743
-59.3684167784871
15.7802062325908
-7.23735732202405
58.3064943791661
11.6829580170661
96.5799181322958
93.9506790250587
-45.893111041378
-78.8807732052455
-21.0648931009777
89.8185530080406
-14.4676922481772
-10.1125772429652
98.937048429171
-5.08802905633613
38.0288113026302
60.5244272427801
-42.0964627866067
82.4981610162427
12.6738048721399
17.0096282353686
40.3967850810057
-37.1952714949511
-45.1253818845931
39.4195755361967
75.4184939292396
-84.0796779905873
97.0957078450332
61.8552460561338
19.2920264335482
24.5136095791496
-55.5844470319269
-81.8113567024133
-92.4563249228215
78.9477631423478
-37.9397461263277
-26.5573316279181
-71.0410259776002
18.812937514507
-48.3798465859323
-74.5735669362087
-18.2539393704825
81.8092932276137
-30.4429073434733
80.6928696750037
-32.4927947017362
-80.2529418384208
70.514509853185
5.33061300570633
38.9738748009262
-36.6586702455291
32.9057322707841
-40.5397230686273
-34.6400844310846
-87.5084920339465
42.8585300089636
96.6748473101941
-47.5957708249303
57.5203275379961
-7.02909533546379
82.6547853984363
-69.5808695049128
14.8811004176241
-86.1440711531907
-88.8357971994225
-47.9285575138594
62.888901704759
-7.16965307760297
2.15371636889282
49.3425219185868
-48.3193742966715
87.6538253602701
-31.3398250081506
-76.0576674971296
-6.43594557661945
-10.3178090509423
-80.7327496236047
-59.5379649990992
93.6626194211216
-90.7750084984334
-42.4673186041145
71.5309862749321
81.0306093828903
90.0991131123795
69.0977817975146
-72.624433167257
11.4118644160734
38.9895101680836
21.3791115343655
-55.2597946553518
94.4501249139062
-99.5720272401505
7.01240429984311
33.4333633712839
69.3448307846792
-80.8676271930182
-15.5848182920917
77.2595934059768
-9.21287259078883
-33.2578351109761
46.8180041844237
6.30923784124739
-0.412987821255157
33.0312721304348
70.3570543147377
37.5143179204574
23.2718209640133
44.83731655548
22.714403594585
28.5477410195652
2.75348352347456
-13.3616917133797
76.0722680918516
35.2881293733672
15.8847381695229
-93.7145747097902
95.7750384302335
-88.6382599545212
40.2134145814766
-98.7220594062786
41.7215176860633
-52.164961379518
83.7918936054602
-83.1353050823563
36.1237608945561
-45.0314512038296
-40.6537844442192
-64.8641008470512
60.8507033599973
44.8844206086279
3.57587367254759
-10.3955054088781
8.11170066518213
71.78948533772
25.6518110404577
-42.7025951853951
-51.5088337035045
8.82600187960401
50.09645499181
45.368249694937
-88.4001362289206
56.9524125232299
54.7629690261886
68.2064458820215
78.6978507848365
-88.7458655814617
18.0396113884384
-5.92429564497849
-93.2274119855068
-61.566476693708
39.8521588618429
39.3873860704541
55.8708179224889
81.6216420548708
-29.276579884269
-92.9371099213707
-27.8463057852809
-22.6112279028874
-5.23633384434757
-49.8087716531128
-46.1601861347016
-15.7685816913026
26.6538044576806
-34.4137521870759
84.7377203978285
63.9645281361405
69.7875443987547
-99.2987817673955
-45.0278816720372
92.2018094612332
94.2723685519876
-43.3898787017951
-0.00782135278782903
57.9724214493493
-68.9465861769952
-42.0340052571772
52.2765745623524
54.1911659972822
-93.9775772894502
-33.4421237237569
41.8512309878739
70.9997420963697
27.4558563055729
-73.4311045329796
-99.9610923620281
-19.6609601203653
7.90111121449297
75.7185177836327
-84.4298353545317
-68.4181456925942
96.9247298467579
61.5778944977781
-31.4829138421657
0.678891516529916
3.59741590606805
80.7784107315281
-59.495131013121
8.70565597481519
-17.4396987518545
61.6902921548231
-8.50970759366359
-88.2658264424342
-76.3285638185097
-81.95481667062
64.0468201134883
91.1094363088309
-87.4719270565079
75.8391459390219
79.6684185782082
-67.275343579424
-60.9652832915954
76.262749447366
-53.7024708445926
-60.555506749189
-68.7201396195521
39.2165947530847
-29.7128376512794
-31.3240808706156
-31.5771810578415
54.5437660453
23.4845640593214
35.9053521352501
-17.1646935491845
-25.8094148827974
-39.0010140453556
25.1738940349259
72.2245636317492
73.63826520615
-18.8279395096516
-63.1232642055685
-3.53242860373749
39.4876513356914
76.5367267021327
46.2227196824666
49.9766397473031
69.9321555155181
-3.75308034078077
48.0398028098703
-93.6186195721723
-38.3914934253906
-94.7147350601854
-79.6962882558305
-2.82181670912921
79.9678053839361
27.7985216811859
-80.1272790582943
-82.9998730965262
-92.7816637255806
3.22470161548121
-30.3852978821398
64.221197106212
90.2822076523535
-80.3392383020448
-12.9502129441281
77.6583916329442
-29.3031262038238
-38.5290652727224
7.45759425817963
-83.8915844782426
-82.1456032365978
70.8332578925842
6.39093186255566
34.5566588424574
98.6593695996222
-41.6459380573105
-3.26574902774894
-42.8913046523975
-20.3047542679389
-49.7203353406747
-60.1688029610087
-11.5961962521791
-41.6888097000416
6.67686189352428
99.5886785036999
73.9633061828469
-51.6470258396232
49.7778111377399
35.2948717935805
84.0021855098736
-39.3161780287618
16.1137072980182
-28.1244222083376
48.3646468673356
-99.5899845843943
-52.7415873103006
16.8424287004241
89.914235421128
-67.3766865985595
-67.3395058214504
57.7182953070923
44.8991231093763
-99.2379605260059
-41.6036447605986
67.7536826381039
71.885200094535
55.5723788418451
-99.7200874569354
-53.1459117767041
-26.3060311247226
-62.6094250735807
68.9483866692442
-82.227967518223
4.6626529513625
-91.9772054394053
19.7616412938964
-14.6359260257985
-51.8386268333904
16.252480863837
90.3232500483014
-57.9251468135591
-16.8629473027523
-93.936467293332
7.50722404972737
-30.7601979954696
32.9871230520566
89.2350202509787
48.847898694961
-8.68533696416365
-52.47625019541
-29.1315516392193
6.31961620356796
85.3253402303548
95.8975862731705
-93.972526637263
71.1435032308918
-90.4300859384607
-16.7311058449547
-34.0038041461783
5.59035989333758
91.0931687112708
-63.4380778661854
45.1022929644089
76.9630933566122
63.4900160597806
27.607052273617
-36.0288808160937
87.0194101924355
51.2412264811549
-41.8713806579079
-7.63572689688405
-42.5812727472261
-66.7774686531031
-41.485257571067
89.7495407578287
-89.2882455637247
-43.3517365160569
54.0550183469799
56.5045520558745
5.97862202430304
-54.9419792236695
-16.5696459997226
-10.3444632472807
-6.00629865289829
54.1429021548129
-96.0294895128894
-70.361452638068
-8.03540743019148
-67.0583368468185
49.2487500456436
97.2658648903214
-15.391502973799
-5.24079286584266
92.7439089690526
19.6101305473076
63.5473803676878
0.0902305092880482
86.7974805717698
64.9575939404397
-89.3742276933048
66.5831592275453
94.5584399251269
70.0432497933439
-97.8002176212627
21.0285771147982
-24.5731627518745
96.0779161989859
-14.495214859133
-47.2065157768605
-53.5892638496796
7.10447610944591
-53.1356949818716
7.60348123713439
74.8030725686972
86.6332003631786
8.86976575466913
84.4360334747347
-23.8851885836622
62.2411107928055
-75.0935793580909
-40.6916332505345
-37.239212403125
-79.7256721944841
15.733873815038
-72.9483624928671
23.3662200323191
6.44754259769562
97.7284542074237
19.8544072548867
89.0843755079561
7.74835425220756
-30.5055463477488
80.9367370899272
-18.897000098205
70.7789817154732
-63.8277763368619
25.5253491214523
-22.8533343964514
-15.2103459256409
-91.416363261871
-85.6198879786008
69.3283053958353
47.0960751191264
98.940341372182
13.9099358973619
46.4247593163615
72.2954316025955
87.2623283673392
51.0250754458635
-60.1013628062622
9.59381344036083
5.41258914509935
-50.6878044282731
-55.9575207086575
0.215133481297599
98.3464907753643
-96.2461131391922
-80.5601190744671
-55.5646861233013
46.7743291519971
-67.047506533123
30.6253214641342
57.3649323781285
86.5035264323524
8.67697029227277
32.7517978187603
41.4044788823419
91.7307541354471
-71.3278912835939
-7.59188447596676
85.8850159394898
-6.06921828462394
-17.936534942036
30.8808671244686
84.0430363582355
-39.0232402524183
61.1712191028196
64.7613309758407
77.2287895898254
-22.8051388690482
75.2284222859148
-32.8088316584466
-93.2781887179753
-15.0255764217216
-7.02861419054869
7.12338581889698
-50.9569473057234
-57.1320419181429
-70.5380627062107
81.8278218545273
-95.5721600288312
-44.4398004258171
-32.1746945966079
60.2374624595577
-39.3524788790957
-89.9452580435999
-84.0006470677998
36.2583684615397
96.8066048846657
70.8781902216252
-11.9683054169327
-96.1750892120025
94.7981438436589
44.3549544662653
95.1911050975662
53.8849743773405
-80.1814579840192
-79.9358521670489
55.3486115320931
58.7729915050807
58.5376652867294
-8.0729706534031
28.6593673098931
4.69490088448312
-35.7463360813864
58.0784382828359
52.9503944902487
17.2616870127225
60.6510101344272
16.9255242945169
-65.5392761770577
-2.26943648109662
32.3763013631559
-55.193854337353
65.3551049268121
-93.8680220019385
83.5776121203187
-48.0168284624502
-43.2273753237838
11.0558291732177
33.2033489329964
-3.60050962534582
52.6449085217313
-68.054770355916
-15.8162094315167
-24.1135579355539
4.48274053783568
-23.3365665554113
65.6987713927883
75.0679709828684
67.9206070549267
-8.70167943252423
-79.7301267727768
59.4536965662327
-71.0984455792709
36.0003950926343
12.1819493895378
-61.3052134718375
-0.257426279180507
34.4459211817051
-10.5180180741576
-92.7042177585036
44.1574478981969
10.5898902548941
2.19306121720702
-22.569910595682
-60.6341450888303
5.48455239923223
-31.6992646923494
88.3403227859315
-56.1658645171519
-7.22657446155974
23.3799196781845
-74.4525897910119
-50.588133722363
-57.3320064798858
77.5409539173345
69.4550565720269
21.6092134499382
53.2825335104344
3.26001204303886
-15.2900444107249
54.5345211467318
33.1021424822309
7.17143981967001
99.8081506116927
-46.3359126329494
77.3554744977279
43.8486304019859
-79.715859912205
-58.2693475816006
3.4717474263029
-23.2162337948945
-70.1958816714905
39.1449310971736
-10.8426017552105
-57.3000805601541
-14.0825054436931
50.4573963897232
60.5309197844068
40.6693515421366
11.4679215260155
-97.0644418719057
-89.5125109695109
10.1250871198413
-25.1908600821597
-79.6370488683737
90.4571054920049
49.2787570758512
89.9628423960359
-56.5423971853725
-90.6604139581181
28.6777564796708
87.8777530836037
-57.8956407616467
-54.7547936935919
70.756417703539
-66.0057295417859
-50.0323583181823
-29.0150107503887
79.3907332698597
-93.1092252958025
40.7898262924359
96.9608911908158
-25.0966529309118
53.8995687471398
-4.09493953043425
-15.8701770329435
42.0853536518783
-50.0415886025119
-87.4141365928482
14.1981996002294
-11.5016185452616
63.9199909454086
14.055270041913
43.9842952628539
61.2225806560835
59.0259528556119
-27.6042681404785
89.2519715363328
-93.4124658765281
91.412453858999
7.46183358378943
-29.9719256120136
-78.5697947925984
0.248422898048489
70.669866649738
-8.73112885964692
72.932862985345
55.1856683823566
5.09860200049795
-90.5185886992352
-48.1079152321811
49.5917215918152
-17.0314317174343
89.7761521174963
14.8690844102552
0.68548583566961
4.35123904677238
-99.7533622775985
