76.4910202377221
91.4857395264826
27.4215727874042
-12.6725996984322
43.1199583023248
-84.4690404922564
94.7940632205837
20.4330711491477
85.7685167839284
57.2789774223255
-27.2661426997749
97.3950867931228
94.1076241582033
-3.31467482256278
-31.2726537954883
79.716503908003
92.7742369193517
46.8414943532267
37.9732575424277
-49.5904740857402
-26.6242138341564
-71.6605350265995
88.6203502989302
-92.9824202992006
-61.0915337520222
12.4867078701548
-11.3810543749668
-71.8993985741726
-71.8826149416917
35.3227788084395
91.9181602186889
-27.7645917751105
-21.7337172030943
-41.5523876955016
-50.356314457004
-58.9473091448509
54.3911347954424
-36.6660514145432
-28.3068128335421
-0.820591433183864
69.3943104131534
9.2110332044528
13.1160438973921
-37.7435933263369
25.7725652292439
-21.1065905712816
35.2702699975615
70.6407202747918
-38.8408996522889
53.1624573954838
-27.2700631530447
-95.6745007547032
-5.01836504363911
-36.7866875187309
43.3662154008724
-6.49642148586051
56.693067146964
0.219049384976827
-24.8106969288316
-33.6998867373802
-95.4800862184191
-26.340412933265
-55.8334458432519
2.95892955259522
-93.8855863489317
60.7514451651599
-43.8611968276559
-45.0269647732621
-65.5429555157292
-75.1863997017458
24.747312831415
64.0251972005819
3.22302130332849
-17.8388062787987
-5.9634551107353
-50.5005582760922
70.1565908447473
92.0937038292856
-47.0199237859857
-74.023542957544
47.9625512705651
16.6727141066619
49.9301296773821
75.7986773373877
91.5680350672015
-75.217289757779
-99.8425675123976
-61.0770472498598
-73.8212031329189
-8.85661025972379
35.2733596718688
-87.1508764438182
41.5123615836674
-38.8082048022454
-67.6203710549539
49.5893397566553
5.70454654424756
-64.3632395830425
-14.613502777133
-4.56245389468343
26.5497033872632
48.1531277271693
-4.48688522677865
74.6690389510226
-37.8472562806631
42.5644344433518
-81.4086160105176
71.7266857607834
-7.22403841016627
64.8486173096289
-43.2492853583143
1.87315224380929
50.8795489593758
20.2634356783452
-49.0684325453515
-36.304418043649
49.7801059156649
-42.7312785385431
44.9282852860229
10.3567846584603
-96.4680350692603
-7.02597462173573
34.6334863457591
69.6480118802939
-20.2333477856419
84.1152803699448
49.8189082208801
87.9768627744528
-87.5251892111757
49.0193828975191
-39.2521017904746
-2.24410153757515
-95.9753235453396
-48.6266634744832
-72.0927216886719
-15.1311720155151
7.81951851254492
-69.519724681978
-63.0909054942927
-1.7238500377553
-85.5687646319882
-29.3134868340881
11.2560798034452
-49.8169714171209
79.1843595339184
-14.1981677701517
-9.35073449810578
-4.29341428675907
-25.0531382242432
-37.601282341186
-17.4055466167639
36.1588149997838
-1.90048957132693
91.94375686095
2.48204435802593
-70.3403783033274
16.339100304378
-95.3947591964367
-51.7913641911076
-31.3751749768527
-63.9562126964132
-50.1735647823703
22.719597659052
-87.7725854651814
-31.2438865238779
-24.0151230743034
37.7973885573267
-81.3079317751051
44.2228817152976
-52.2827545510214
44.2271419652178
10.0527367782552
84.1659927232922
96.9503813216496
62.1896892105742
35.6392891727395
-96.950101089464
-93.9249204663193
26.2769748831487
89.3241158705646
14.5835323038451
-54.3085029885942
10.2099481869551
96.3640705124656
89.6633396937412
-26.079335062962
-86.6470542361872
-39.1798643375809
29.6053929323187
-95.5308277464688
59.2844914356309
-41.0564874007494
-43.3504436975752
64.6062508201732
44.8871732907402
-60.1121245135239
31.7341499853136
2.15799143683542
-14.7680179500143
-20.3501328641992
-8.06117835179705
-39.6697639634816
-51.4760070165268
-45.649868590027
-38.5189706116736
10.8979018474503
29.9124882141522
-17.5214392688115
-23.680271973014
83.5610720841909
69.7938704182188
77.136920301954
60.5401155051761
-27.1846719657389
44.4358299462822
-14.3321499235246
-26.9323632724835
26.3934348619066
34.2163950347436
99.8158348320974
23.8458921368992
-70.0372269541707
52.4254924036887
76.5116590078456
-49.7118435882965
98.7994199042922
-10.7510754535682
-59.6035184071751
49.1293295142646
31.466531440071
-7.44209458034891
14.4230927284163
-52.2481816526011
-40.1860365424895
-11.052694870719
5.63219668196272
32.6452380799286
-54.5580553418056
78.8364373444889
-35.6645798328826
-39.3167195326346
50.4216721933049
78.7419716483059
-3.48976885514169
-11.1820322861671
4.47796055026231
-38.8455535275271
55.4910711212487
-2.27081895957657
14.6653125960188
3.26251230781133
-99.2253174499807
-21.9899197403168
-15.3894996723517
19.4662196825456
-6.82606290122894
47.190126692713
-29.9956034947148
63.4561682382297
-38.8731514737295
8.9837181293468
-14.9769375036874
-18.9650502969722
-17.1449632400835
-64.4846643925016
-19.5807948845524
-35.6378942691654
-76.1588676601908
98.0096055054018
-42.2727410768095
-40.5248243737574
-84.6902451184528
-28.6052995715528
-90.69187213715
46.95143718454
-68.5439334390495
66.5886120398263
24.1605822330073
-48.6788514871981
42.2167233752808
38.0500861891548
-27.3772051882049
21.1252560789457
-15.3291862856188
-81.4127860299887
-46.9473355640648
-31.5037846659371
-17.0523672767954
-56.5442858133954
-87.0927433011258
30.373566977592
-28.352136156786
-56.8175155066762
-99.5133342039391
14.5587121565945
90.577985461779
60.1586171557696
11.2972714673984
-10.6236175096003
59.4603515447208
-65.0241746093678
-19.0290957051337
71.5490533743064
47.049792585507
72.5373248979553
75.7144038695772
-73.7815407237497
92.4103669896552
-17.2776312421696
-85.9947368537931
42.3919231889638
84.5074328432022
14.0464599050836
14.8818760015873
-38.6700629624717
50.4274167659397
88.7648771048785
5.95131512938121
31.7922141232845
65.7602950989149
-17.1698900354744
-4.04361891843483
-15.065425290416
-89.2274198174645
45.3212128146349
41.0097701820303
88.7008985713596
86.0217426916957
-73.6324896499407
77.8209672579414
36.9954414656983
-84.7011288597364
71.7592852523964
-84.1824742520928
-35.2054084078305
64.7990653239777
93.0628980707877
33.8956549242268
92.6769996411518
70.1119358666735
-38.2488702988866
-11.5506912147249
21.8503560772917
55.6529075176961
-71.203678488434
-37.0313613893287
3.06460972503397
-14.638431618422
-31.3606309032759
-12.0299067426025
19.8256193521413
-95.3988908144587
46.8407029315967
16.6709141628437
-3.79807427607547
-1.15053238943416
-13.7047394669244
49.3718282599665
-47.2160783707161
74.3221915074157
-38.394695405127
-87.9634880015566
89.4483097186275
-21.5783253657183
-96.3481671660371
-86.491343865412
44.5494910832565
17.9428264881152
-75.2183393535979
98.0104567520419
82.435540429104
-49.3045509890123
0.231087971063772
-40.3387636380054
-22.6152227478419
97.6421059798342
76.6860037176714
-11.3648032835745
17.2570756885792
-28.6821566548722
-1.70460611626845
-23.5392489621723
14.1352028691187
45.2012577454738
-60.292964035812
82.8985793674675
42.9123977864344
-37.2989005220552
98.2212319670212
26.9099055287771
-67.9393884609617
-52.7154897372188
-40.035024845191
86.1773488654547
78.0399110085573
54.8575819665907
95.2364849574173
-92.4539856376765
-42.8634495615332
-39.0010452125072
-77.2079327530534
-86.3463012150448
-6.10527679860334
74.8320238969528
24.5123670275752
-24.629554077027
-1.99374710836237
25.7882999608658
-50.9593501818349
-2.68894336721766
-20.5595243876715
-50.9969801577751
-79.4183345500256
-2.44418785227903
-85.8735417588098
-92.7879209003079
-16.9529108461753
-78.2704496124298
-66.5121161291625
-38.5867142034943
-17.0258562801964
51.7539934029211
-14.8824546409083
43.6857860088823
-83.9334927496853
20.6809820591555
13.8326998798508
19.7231942153538
-9.49242939705711
16.467545904214
63.1489852136003
-41.7330153288704
-57.264234374126
-33.2384283004289
18.2949314855696
-25.5162939182257
93.3154344484477
26.2628435785763
-5.27733513733818
89.9874485137106
73.9822857278633
19.1182986048511
-31.930108341937
-89.3124033997035
-75.0375779663382
-84.2958616151069
80.3683179608269
-96.9088487742756
30.5877643079427
-51.0391451713351
55.9331104556829
98.9647543566386
64.1100868744015
83.7811235331054
37.5100307943291
8.95735236590849
-2.18446827950322
71.084285714639
-58.6722124901803
87.7529528838428
59.3741183507217
-23.532135848981
-45.5058542385419
-78.9410890920624
-20.3976716090641
-27.9878360892194
54.714159373213
42.4726321251395
41.2575358135591
-83.4779643356071
-69.855315689005
68.1115204412527
81.7567166520493
47.9172925395501
-20.4801984383383
-77.6291818191884
-71.2643470425488
89.2889694428766
66.3592870611096
25.5085996148352
23.2832717028006
36.0174119911632
-42.4384481909609
-1.07942234847359
18.7233852641141
-1.62781057602534
-32.0680980385277
-21.6653044606995
12.1396568320354
-23.3939338373478
46.5733655974387
-10.3852274887136
76.5372856897208
13.4835498531093
6.73757571025337
-28.6147998114537
24.2374312460919
-52.6164488258301
9.14216700784995
19.6983732981336
-52.4079884321916
-98.4992890914048
99.3922170903988
-21.1092297670747
75.2909812180259
-99.6171497836828
86.3621557364976
-33.9773353826753
-13.0722324856602
70.7493377337314
-26.390680963334
44.5594932940365
94.2900500111984
35.7656399928438
-15.1968241490719
-15.138715268744
-26.4182626286133
-62.6035344879385
-39.5962460190654
68.0474017903745
-32.3710776633294
-63.399546038159
54.4147032986924
67.9473986544467
40.0720557217261
25.6166330323661
-17.3633735515813
-34.0258890690397
-7.4598693636614
57.6470252624022
30.205973067426
-68.4541390925168
-20.9677056881956
-36.8099044908896
-42.5944620684279
49.2547628313856
67.0869091398275
26.0212897084814
53.473145308986
-6.50512011061731
24.126525492793
-49.0519279351006
49.6745103200585
3.17799495421571
-52.2633231689684
-81.5328803683344
-34.1592883064324
-61.8294967366706
66.2467438505468
42.6420220902758
42.9406181474503
25.8094510765249
-97.9210991005881
60.8986344388932
-18.9571960775916
-14.1822112008119
14.5735095356048
-59.230622859183
-39.58839675539
78.3715702821789
-62.6563611539281
-21.5945275438427
-78.0449198600619
-89.3689183527274
-8.11035971709796
-73.5567436053157
93.1080790053264
-35.5988926656206
-45.2519934181854
12.054271906819
1.72672766818467
-48.6088541953035
-89.8616610536891
20.6765803205657
34.5589608623612
-24.4325683382228
33.1749058582256
-42.5089867089168
67.5857919712969
-36.6978533541471
69.8053582286624
-45.8205977973562
-13.6516448907511
20.2120242180597
75.8556852878829
34.7031815423175
-68.6123705378797
-25.5933184349219
-56.2859296694577
-16.6325856812068
18.1900481534234
76.8527755177149
-41.0626786837014
-18.2296056059008
74.0718054487091
-32.5957939457103
-4.35688887937621
-75.1266540892023
84.7031611632947
-3.92380834413839
-34.5068225478178
-44.5072879695499
84.9803788962853
-48.7571317953435
97.3594362619622
-0.926610785533455
28.8520959810118
66.3051647440381
12.5553446134725
26.5501978671174
9.83058455083248
-48.9157245950313
21.0851508437985
-63.9575766276482
-62.6612347020749
-88.4455753199384
10.4428775926202
26.9733987606964
18.0385973076137
-15.1133060051632
-20.944290792927
64.5259553703054
91.9542404490924
-88.9858490871722
-13.1393630951783
-44.1630070497238
82.4016587825433
2.7357513616266
-87.0728130554049
-95.4106739198419
-47.3983594795362
-9.64408088258057
48.3491718511891
-73.8778619218445
11.0659617664024
-75.2781923910019
7.10541046801929
-49.3255781251286
77.3258353135284
-65.7261399586787
83.4016217048454
60.9381732829675
-34.900848562984
15.0936135059693
-1.06284109531722
25.9574075259574
74.8558493388012
39.5992807977311
71.8343507276672
26.3760631357867
20.907845884782
54.7898412399622
-41.1567503173182
58.9940290315257
7.72087937726913
57.1733347510953
-39.8760148116133
-70.6600406822386
-26.4448636619211
67.6070553844189
58.7039209993353
20.8540924583395
-48.870854339063
53.7521158660774
68.1980000611915
-17.7121784798733
-36.1576502841944
67.6156074505578
90.486922415288
28.4357246440975
41.357579362616
-69.5762555453846
-51.1825897476333
-61.8693090624367
91.5173232297622
-79.1328561290142
-56.9627492399187
82.2798907308048
32.5667742593563
-4.04854534441182
32.3535508536043
-63.1087374604006
-95.1103095927435
76.5815707176048
-98.9591635264207
65.3151958080698
-16.5147779665074
-1.2740246399844
-14.4633300396873
-6.38734750323746
72.2398600124597
-43.8454427623078
-40.7715921064194
1.57825489489332
-45.368824017842
-77.3405099080978
-55.7219914900775
-80.8590127144486
-53.0460114014683
-26.772877761929
-51.7255510187152
-28.9555423467062
8.51404817262373
-73.7218701508674
28.0392916083327
-92.1755081992955
29.8521457570609
-14.0364683531094
50.6441506400691
-81.66693376106
-42.8458299282303
-24.3208156917133
-38.4153238266088
-77.4042825889433
-69.3010568201824
93.1273435490888
-32.4165529950857
-18.826937787063
37.7320240758488
-99.7277152582189
-62.8140811672114
82.4197109995241
-3.60473259590316
-82.1959771033852
-9.73416190877066
4.68662447537349
79.1989000510298
23.0569376665323
47.3376718677875
91.5382098629572
-37.1817616939519
-28.138193921593
-52.3805412399576
55.9913074028427
50.0124947005159
-80.5791178771803
-51.8353565657056
-37.0995794068457
96.1008307571628
-30.4177831346606
83.5155529179282
-49.903344498202
31.1553704127826
-92.2654238446774
99.8002017385839
-65.5447776556192
89.6544603138997
38.0085576730685
-41.8099635879652
-59.1347096837153
96.7215936295231
-87.5700264844512
20.7847791494586
-41.7637675720739
6.46797639525438
-75.9547293371934
-21.8033703002427
52.8897173657356
63.5426691908275
16.2221199935827
84.3905899799208
-63.4151521365047
-44.8381138973283
32.5688737501906
-42.8579244933673
79.1121377686635
53.6817018346025
-13.5667092773229
12.735579645254
-95.0047651148368
55.7555691239338
8.8649265112212
-6.91768129023309
-14.8246400493995
87.692909081342
-32.6649207874839
-65.416625819764
-52.1668621216688
59.6703870584974
-46.9688076160489
38.0857426221698
-76.7177671235253
-28.3742007543349
3.75062446035422
61.8000995984173
33.1917744953372
75.5494493374115
21.6940914016779
-90.9859331648674
22.2460892634279
43.5864171353393
-90.4015716448397
85.7742647404223
49.2454783275882
-75.4503580933412
55.7812992943987
33.2860048172735
-63.0324273109846
48.5647717312719
-45.0639111038205
87.6275359228054
-52.7916238881238
-38.7105010354404
21.6860335816343
29.1382110278706
77.9825896652607
29.3902047795714
-92.2993896267947
66.9319733828893
37.0860100252499
-35.655900141329
57.766926619897
-79.0887080119723
-2.17609977630055
-18.7169999221746
17.0705951439947
58.81666588385
-39.1334561616638
92.5188227705856
-73.1478669713283
-73.0005973817939
94.7779879589102
52.9674835631508
7.71626855717776
16.71891608014
-9.37165872870051
-76.9061749302839
-98.9563422043857
65.5419792699766
55.0879091779791
43.498253548206
75.6007763864664
-68.0764832690278
88.9280865624217
18.9785310355342
-72.5587233402529
-54.8161073762417
52.3642006946865
-27.3022838211001
71.5955130412197
-43.4492565062209
89.7095498610965
-88.3225838526392
68.909882180687
94.5453476357453
-42.7732898444153
31.7498679199262
-87.1083220976019
57.1920291873921
-87.2375058212752
68.5937011018605
31.1691785039563
-69.0349408377188
-13.7701575670422
-96.6870238101908
96.8760155499642
97.0065360634998
-7.71576301208326
31.3637590253171
52.0616064883897
46.3349278310207
-18.5083950802454
-12.2826944912225
76.6323127756905
-48.6536014440357
22.9389208936331
-75.9374336859737
-3.33345152138294
-18.1539650821482
-4.61987289951729
-59.6182754371499
10.5070525779925
-1.19437296747191
72.3443648224325
-23.1405932875051
-79.3783205642433
-70.9180876156484
-40.7402891255153
-52.7386485050713
-39.7295311709307
-90.4290157416883
-13.0041824151078
-66.8177339357601
32.1332407957999
-99.7394914254536
84.6852930347553
-12.3652024535826
-35.8932054754028
51.369200558526
18.7562408059208
-30.1996843132237
-90.5221378769754
-74.8483556013638
-38.5573722844199
84.0587898521661
67.1712889676859
5.2786414106278
8.85627850575601
75.4501663059974
78.3906734113091
-82.8407974777003
48.4028016182666
-6.13819316012797
10.3705918960879
60.906187742778
-81.4045312610656
-24.4801028435454
-8.6694976289492
-51.0770908595668
-47.4172636541165
79.206605171889
70.188880556864
-52.9925875112723
-92.6382610210731
76.8792600074071
69.97363163836
59.839124018619
37.7078739754756
-11.3940900463183
-7.66926879149234
79.2889074183566
34.4979026756964
-90.1271296531066
-48.3722700217482
85.9163611971597
3.85688283483034
13.1602054660273
44.9513825009063
-48.2402545478517
-42.3573846951285
41.2958420747153
-3.21305708521919
48.3900994014465
-61.3588965499726
8.50335062197327
-51.7456182192379
-52.9766287516834
61.0566423094115
9.50639476586701
33.9548446258786
-0.287546076542483
46.0799139325588
15.4477509649704
-17.8137010623929
-76.3078727521853
63.2382054820088
-40.3680913447681
-74.188699864293
-13.7235631802615
17.3476978978421
41.4125990933928
-82.7284076564467
66.2313373806853
34.9859505645284
18.9280390363123
41.1477780956847
14.6030083807264
-30.8345982489398
91.916944860503
-27.7010388557583
-2.69891558639057
-24.7771667806301
-30.4692104555664
27.9014007960507
90.1084811199871
65.0310052407818
-97.1401821865095
56.3823644116951
-71.900966810139
0.955041456684896
-2.52211884411665
-49.0204601866881
-41.4868537563076
93.265408750052
-64.2953874423179
-30.5998095586324
-75.3841391090849
-97.1910784470221
69.806974859202
61.547038114833
79.5680479718524
-82.8332353146094
-11.9793319487692
21.0139832267904
-71.0587809953473
-82.1546293395549
99.1683825746957
-65.3929358056049
85.3181237640557
0.449079732223282
59.2852736661237
76.7316793865622
79.1355170171704
-83.3432246543553
58.954642500667
-8.66577281019869
-0.618549120071037
74.1367586007451
29.8322531150974
25.4680770712189
